"Term","Overlap","P.value","Adjusted.P.value","Old.P.value","Old.Adjusted.P.value","Odds.Ratio","Combined.Score","Genes"
"Oxaliplatin-8 mg/kg in Saline-Rat-Bone marrow-3d-up","14/333",2.37454557313827e-10,1.44894770872897e-06,0,0,11.4644932079415,254.065148145222,"VCAM1;GMFG;ITGB2;FGL2;NKG7;AIF1;CTSS;HCK;TYROBP;PTPRC;ADORA3;ALOX5;CD48;LCP2"
"Hydroxyurea-400 mg/kg in Saline-Rat-Spleen-1d-up","13/300",7.61431093996704e-10,2.32312626778395e-06,0,0,11.6959471850358,245.566018608894,"VCAM1;GMFG;ITGB2;FGL2;AIF1;CTSS;HCK;TYROBP;PTPRC;SLCO2B1;CD37;CD48;LCP2"
"Vinblastine-0.3 mg/kg in Saline-Rat-Bone marrow-1d-up","13/321",1.73259853238017e-09,3.52410541486127e-06,0,0,10.8868335611757,219.627099254346,"VCAM1;ITGB2;FGL2;AIF1;CTSS;HCK;TYROBP;SLC7A7;PTPRC;ADORA3;SLCO2B1;CD37;LCP2"
"Bisphenol A-100 mg/kg in Corn Oil-Rat-Spleen-0.25d-up","12/285",4.97589058084434e-09,5.91603249759938e-06,0,0,11.2105037819324,214.329826727604,"HCK;TYROBP;PTPRC;GMFG;ADORA3;FGL2;CASP1;CD37;CD48;LCP2;AIF1;CTSS"
"Thioguanine-12 mg/kg in Corn Oil-Rat-Spleen-0.25d-up","12/285",4.97589058084434e-09,5.91603249759938e-06,0,0,11.2105037819324,214.329826727604,"HCK;TYROBP;VCAM1;PTPRC;GMFG;SLCO2B1;ITGB2;FGL2;CD37;LCP2;RAPGEF5;CTSS"
"Lipopolysaccharide E. Coli O55:B5-1.25 mg/kg in Saline-Rat-Kidney-5d-up","12/289",5.81714109891778e-09,5.91603249759938e-06,0,0,11.0463687936612,209.466292328141,"HCK;TYROBP;GMFG;ADORA3;SLCO2B1;ITGB2;FGL2;CD37;CD48;RAPGEF5;AIF1;CTSS"
"Azathioprine-54 mg/kg in Water-Rat-Bone marrow-5d-up","12/298",8.19583145321952e-09,6.68931103287723e-06,0,0,10.6938516029425,199.115668892049,"HCK;TYROBP;VCAM1;PTPRC;GMFG;SLCO2B1;ALOX5;ITGB2;NKG7;LCP2;AIF1;CTSS"
"Diethylstilbestrol-280 mg/kg in Corn Oil-Rat-Bone marrow-5d-up","12/301",9.16448077789654e-09,6.68931103287723e-06,0,0,10.5812250033703,195.836578130872,"HCK;TYROBP;VCAM1;PTPRC;ADORA3;ITGB2;FGL2;NKG7;CD37;CD48;AIF1;CTSS"
"Etoposide-188 mg/kg in Corn Oil-Rat-Bone marrow-5d-up","12/303",9.86624046147085e-09,6.68931103287723e-06,0,0,10.5074307136163,193.695521964578,"HCK;TYROBP;VCAM1;PTPRC;GMFG;SLCO2B1;ALOX5;ITGB2;NKG7;LCP2;AIF1;CTSS"
"Diethylstilbestrol-280 mg/kg in Corn Oil-Rat-Bone marrow-3d-up","12/316",1.57335513817068e-08,9.03873845259381e-06,0,0,10.0514354066986,180.598867887159,"HCK;TYROBP;SLC7A7;VCAM1;ADORA3;ITGB2;FGL2;NKG7;CD48;CCR5;AIF1;CTSS"
"Carboplatin-6 mg/kg in Saline-Rat-Spleen-3d-up","12/317",1.62940221203756e-08,9.03873845259381e-06,0,0,10.0179689163296,179.646902383573,"HCK;SLC7A7;VCAM1;PTPRC;ADORA3;ITGB2;FGL2;NKG7;CD48;CCR5;AIF1;CTSS"
"Doxorubicin-3 mg/kg in Saline-Rat-Bone marrow-3d-up","12/324",2.07468747901396e-08,1.0549785830786e-05,0,0,9.78971028971029,173.188494169259,"HCK;TYROBP;VCAM1;PTPRC;GMFG;SLCO2B1;ITGB2;FGL2;NKG7;LCP2;AIF1;CTSS"
"Doxifluridine-1230 mg/kg in CMC-Rat-Bone marrow-1d-up","11/285",5.53611095349451e-08,2.59856531063258e-05,0,0,10.1070091708778,168.881942644115,"HCK;TYROBP;VCAM1;PTPRC;SLCO2B1;ITGB2;FGL2;CD37;CD48;LCP2;CTSS"
"Hydroxyurea-400 mg/kg in Saline-Rat-Bone marrow-1d-up","11/311",1.33898587056009e-07,5.29318738062363e-05,0,0,9.21884615384615,145.899147538337,"TYROBP;VCAM1;PTPRC;GMFG;SLCO2B1;ITGB2;FGL2;NKG7;CD48;AIF1;CTSS"
"Oxaliplatin-8 mg/kg in Saline-Rat-Bone marrow-1d-up","11/313",1.42814345361012e-07,5.29318738062363e-05,0,0,9.15686024791985,144.32787036868,"HCK;TYROBP;SLC7A7;VCAM1;PTPRC;GMFG;ADORA3;ITGB2;FGL2;NKG7;CTSS"
"Azathioprine-54 mg/kg in Water-Rat-Bone marrow-3d-up","11/314",1.47466708408066e-07,5.29318738062363e-05,0,0,9.12617415587713,143.551647531911,"HCK;VCAM1;PTPRC;GMFG;ITGB2;FGL2;NKG7;CD48;CCR5;AIF1;CTSS"
"Etoposide-188 mg/kg in Corn Oil-Rat-Bone marrow-3d-up","11/314",1.47466708408066e-07,5.29318738062363e-05,0,0,9.12617415587713,143.551647531911,"TYROBP;VCAM1;PTPRC;GMFG;SLCO2B1;ITGB2;FGL2;NKG7;CD48;AIF1;CTSS"
"N-Nitrosodiethylamine-34 mg/kg in Saline-Rat-Spleen-1d-up","11/317",1.62241247692371e-07,5.49997829677139e-05,0,0,9.03531925590749,141.259820490149,"HCK;TYROBP;VCAM1;PTPRC;ADORA3;SLCO2B1;ITGB2;CD37;CD48;RAPGEF5;CTSS"
"Lead(IV) Acetate-200 mg/kg in Saline-Rat-Bone marrow-3d-up","11/350",4.3536924371351e-07,0.000139822269744202,0,0,8.14204674381666,119.257139427186,"CCR1;HCK;TYROBP;PTPRC;GMFG;ITGB2;FGL2;CD37;CD48;AIF1;CTSS"
"Cyclosporin A-70 mg/kg in Corn Oil-Rat-Spleen-3d-up","10/284",5.38769033886634e-07,0.000164378432238812,0,0,9.07188395084542,130.943381225232,"HCK;VCAM1;PTPRC;GMFG;ADORA3;ITGB2;FGL2;CD37;AIF1;CTSS"
"Vincristine-0.05 mg/kg in Saline-Rat-Bone marrow-3d-up","10/293",7.16043738772106e-07,0.000188715156253066,0,0,8.7793532227043,124.223674257863,"TYROBP;PTPRC;GMFG;ITGB2;FGL2;NKG7;CD48;LCP2;AIF1;CTSS"
"Azathioprine-54 mg/kg in Water-Rat-Bone marrow-1d-up","10/294",7.38583972813026e-07,0.000188715156253066,0,0,8.74799429488322,123.508828939113,"HCK;TYROBP;SLC7A7;VCAM1;ITGB2;NKG7;CD37;CD48;AIF1;CTSS"
"Lipopolysaccharide E. Coli O55:B5-1.25 mg/kg in Saline-Rat-Kidney-3d-up","10/295",7.6174279669218e-07,0.000188715156253066,0,0,8.71685542971352,122.800068326164,"HCK;TYROBP;GMFG;ADORA3;SLCO2B1;ITGB2;FGL2;CD37;AIF1;CTSS"
"Vincristine-0.05 mg/kg in Saline-Rat-Bone marrow-5d-up","10/295",7.6174279669218e-07,0.000188715156253066,0,0,8.71685542971352,122.800068326164,"HCK;TYROBP;GMFG;ITGB2;FGL2;NKG7;CD37;CD48;LCP2;AIF1"
"Lead(IV) Acetate-600 mg/kg in Saline-Rat-Bone marrow-1d-up","11/371",7.73169273406529e-07,0.000188715156253066,0,0,7.65886752136752,107.781464468301,"HCK;SLC7A7;PTPRC;GMFG;ADORA3;ITGB2;FGL2;CD37;CD48;CCR5;CTSS"
"Amikacin-20 mg/kg in Saline-Rat-Bone marrow-0.25d-up","10/299",8.60856628972607e-07,0.000202036428845802,0,0,8.5944549078008,120.024466537964,"HCK;TYROBP;PTPRC;GMFG;ADORA3;ITGB2;FGL2;NKG7;CD37;LCP2"
"Mitomycin C-1.7 mg/kg in Saline-Rat-Spleen-5d-up","10/301",9.14513358482025e-07,0.000206680019016938,0,0,8.53451650789508,118.671374660331,"HCK;TYROBP;VCAM1;ADORA3;SLCO2B1;ITGB2;FGL2;RAPGEF5;AIF1;CTSS"
"Ifosfamide-143 mg/kg in Saline-Rat-Bone marrow-1d-up","10/307",1.09343223225215e-06,0.000235845052413011,0,0,8.35954481524102,114.744691853893,"HCK;TYROBP;SLC7A7;VCAM1;SLCO2B1;ITGB2;FGL2;NKG7;CD37;CTSS"
"Noscapine-570 mg/kg in CMC-Rat-Spleen-5d-up","10/309",1.1595135320207e-06,0.000235845052413011,0,0,8.30278142330977,113.478348211881,"HCK;VCAM1;PTPRC;GMFG;SLCO2B1;ITGB2;CD37;CD48;AIF1;CTSS"
"Thioguanine-12 mg/kg in Corn Oil-Rat-Bone marrow-3d-up","10/309",1.1595135320207e-06,0.000235845052413011,0,0,8.30278142330977,113.478348211881,"TYROBP;VCAM1;GMFG;ADORA3;SLCO2B1;ITGB2;FGL2;CCR5;AIF1;CTSS"
"Cyclosporin A-350 mg/kg in Corn Oil-Rat-Bone marrow-3d-up","10/312",1.26517614804956e-06,0.00024502615594552,0,0,8.2190460222986,111.617104105019,"HCK;TYROBP;SLC7A7;VCAM1;PTPRC;ITGB2;NKG7;CD48;AIF1;CTSS"
"Ifosfamide-17 mg/kg in Saline-Rat-Spleen-0.25d-up","10/313",1.30221812859258e-06,0.00024502615594552,0,0,8.19150269457326,111.006669519423,"HCK;VCAM1;PTPRC;ADORA3;ITGB2;FGL2;CD37;CD48;AIF1;CTSS"
"Lead(IV) Acetate-200 mg/kg in Saline-Rat-Spleen-0.25d-up","10/314",1.34020371681331e-06,0.00024502615594552,0,0,8.16414057295137,110.40113333317,"HCK;TYROBP;VCAM1;ADORA3;ITGB2;FGL2;NKG7;CD37;AIF1;CTSS"
"Cyclosporin A-350 mg/kg in Corn Oil-Rat-Bone marrow-5d-up","10/315",1.37915327030087e-06,0.00024502615594552,0,0,8.13695787507782,109.800441711659,"HCK;TYROBP;SLC7A7;VCAM1;ALOX5;ITGB2;NKG7;CD48;AIF1;CTSS"
"Carboplatin-14 mg/kg in Saline-Rat-Bone marrow-5d-up","9/244",1.40542698428272e-06,0.00024502615594552,0,0,9.41936170212766,126.927494556674,"HCK;TYROBP;GMFG;ITGB2;NKG7;CD37;CD48;AIF1;CTSS"
"Doxorubicin-3 mg/kg in Saline-Rat-Bone marrow-1d-up","10/319",1.54501084863759e-06,0.000261879338844072,0,0,8.02998648150424,107.445070511757,"TYROBP;SLC7A7;VCAM1;PTPRC;GMFG;ADORA3;FGL2;NKG7;CCR5;CTSS"
"Famciclovir-112 mg/kg in Saline-Rat-Spleen-0.25d-up","10/321",1.63427935256489e-06,0.000269523584036513,0,0,7.97753266311205,106.295107179471,"HCK;SLC7A7;VCAM1;ITGB2;FGL2;NKG7;CD37;RAPGEF5;AIF1;CTSS"
"Mitomycin C-0.5 mg/kg in Saline-Rat-Spleen-3d-up","10/323",1.72801507974617e-06,0.000277482842542398,0,0,7.92574918105714,105.163097536953,"TYROBP;VCAM1;PTPRC;ADORA3;SLCO2B1;ITGB2;FGL2;NKG7;RAPGEF5;CTSS"
"N-Nitrosodiethylamine-1.67 mg/kg in Saline-Rat-Spleen-1d-up","10/328",1.98315013669541e-06,0.000310286721387574,0,0,7.79914019584428,102.409137258229,"TYROBP;VCAM1;PTPRC;GMFG;ADORA3;ITGB2;CD37;CD48;AIF1;CTSS"
"Famciclovir-112 mg/kg in Saline-Rat-Spleen-1d-up","10/331",2.15149356660399e-06,0.000328210343585439,0,0,7.72506802318703,100.807103081577,"HCK;TYROBP;SLC7A7;VCAM1;ITGB2;FGL2;NKG7;CD37;CD48;CTSS"
"Cisplatin-2 mg/kg in Saline-Rat-Spleen-5d-up","9/261",2.44715303713286e-06,0.000357375716485491,0,0,8.77633928571429,113.395439790095,"TYROBP;GMFG;ADORA3;ITGB2;FGL2;NKG7;RAPGEF5;AIF1;CTSS"
"Daunorubicin-3.25 mg/kg in Saline-Rat-Bone marrow-3d-up","10/336",2.4598131911489e-06,0.000357375716485491,0,0,7.60464393880562,98.2172095799451,"TYROBP;VCAM1;PTPRC;SLCO2B1;ITGB2;FGL2;CD48;LCP2;AIF1;CTSS"
"Lead (II) Acetate-600 mg/kg in Saline-Rat-Spleen-3d-up","10/339",2.66270405010723e-06,0.000377856281715217,0,0,7.53414643530453,96.7095723284879,"HCK;TYROBP;SLC7A7;VCAM1;PTPRC;ITGB2;NKG7;CD48;AIF1;CTSS"
"Vinorelbine-1.5 mg/kg in Saline-Rat-Bone marrow-1d-up","9/272",3.42951200895256e-06,0.000467550385464635,0,0,8.40456273764259,105.75539100831,"TYROBP;SLC7A7;VCAM1;GMFG;ADORA3;SLCO2B1;FGL2;AIF1;CTSS"
"Diethylstilbestrol-2.8 mg/kg in Corn Oil-Rat-Spleen-0.25d-up","10/349",3.44801169221707e-06,0.000467550385464635,0,0,7.30816623725776,91.920016130327,"HCK;TYROBP;VCAM1;PTPRC;GMFG;SLCO2B1;ITGB2;CD37;AIF1;CTSS"
"Ifosfamide-143 mg/kg in Saline-Rat-Spleen-3d-up","10/352",3.7197912273049e-06,0.000493438392804663,0,0,7.24294914501443,90.5502131617243,"HCK;TYROBP;VCAM1;PTPRC;SLCO2B1;ITGB2;CD48;RAPGEF5;AIF1;CTSS"
"Cyclophosphamide-25 mg/kg in Water-Rat-Bone marrow-1d-up","9/282",4.59985498209002e-06,0.000584756564598194,0,0,8.09258241758242,99.4536765492028,"HCK;TYROBP;PTPRC;ADORA3;ALOX5;NKG7;CD37;CD48;LCP2"
"DActinomycin-0.06 mg/kg in Saline-Rat-Bone marrow-3d-up","9/282",4.59985498209002e-06,0.000584756564598194,0,0,8.09258241758242,99.4536765492028,"VCAM1;PTPRC;ADORA3;FGL2;NKG7;CD48;LCP2;AIF1;CTSS"
"Ifosfamide-17 mg/kg in Saline-Rat-Spleen-3d-up","9/287",5.30370270382945e-06,0.000660473344872802,0,0,7.94500899280576,96.5088613055977,"HCK;VCAM1;PTPRC;ADORA3;ITGB2;FGL2;NKG7;CD48;CTSS"
"NN-Dimethylformamide-140 mg/kg in Saline-Rat-Spleen-0.25d-up","9/288",5.45504480346261e-06,0.000664183171859892,0,0,7.91612903225806,95.9353280845271,"HCK;SLC7A7;VCAM1;ADORA3;NKG7;CD48;CCR5;AIF1;CTSS"
"Lead(IV) Acetate-200 mg/kg in Saline-Rat-Spleen-3d-up","9/290",5.76888038488599e-06,0.000664183171859892,0,0,7.85898576512456,94.8032009926767,"HCK;VCAM1;PTPRC;ADORA3;SLCO2B1;FGL2;CD37;CD48;CTSS"
"Noscapine-570 mg/kg in CMC-Rat-Spleen-3d-up","9/290",5.76888038488599e-06,0.000664183171859892,0,0,7.85898576512456,94.8032009926767,"HCK;VCAM1;PTPRC;SLCO2B1;ITGB2;FGL2;CD37;CD48;CTSS"
"Procarbazine-27 mg/kg in Water-Rat-Bone marrow-1d-up","9/290",5.76888038488599e-06,0.000664183171859892,0,0,7.85898576512456,94.8032009926767,"HCK;TYROBP;SLC7A7;PTPRC;ITGB2;FGL2;NKG7;AIF1;CTSS"
"Cisplatin-2 mg/kg in Saline-Rat-Bone marrow-5d-up","9/292",6.09808597731395e-06,0.000689083715436477,0,0,7.80265017667845,93.6905998506593,"HCK;TYROBP;GMFG;ITGB2;NKG7;CD37;LCP2;AIF1;CTSS"
"Ifosfamide-143 mg/kg in Saline-Rat-Spleen-1d-up","9/295",6.62207090906342e-06,0.000721569226555446,0,0,7.71962412587413,92.0573082738754,"HCK;TYROBP;VCAM1;SLCO2B1;ITGB2;FGL2;CD37;AIF1;CTSS"
"Lipopolysaccharide E. Coli O55:B5-1.25 mg/kg in Saline-Rat-Kidney-1d-up","9/295",6.62207090906342e-06,0.000721569226555446,0,0,7.71962412587413,92.0573082738754,"HCK;TYROBP;VCAM1;GMFG;ADORA3;FGL2;RAPGEF5;AIF1;CTSS"
"Tranilast-300 mg/kg in CMC-Rat-Spleen-3d-up","9/296",6.80509960858307e-06,0.000728503821255682,0,0,7.69233449477352,91.5221518484028,"HCK;VCAM1;PTPRC;ADORA3;ITGB2;FGL2;CD48;RAPGEF5;CTSS"
"Carboplatin-14 mg/kg in Saline-Rat-Bone marrow-1d-up","10/378",6.9676068832575e-06,0.000733040296579953,0,0,6.722275729224,79.8219068677618,"TYROBP;PTPRC;GMFG;ADORA3;ITGB2;FGL2;NKG7;CD37;CD48;CTSS"
"Cyclosporin A-350 mg/kg in Corn Oil-Rat-Spleen-5d-up","9/300",7.5812651277094e-06,0.000784082708631911,0,0,7.58505154639175,89.4264718294099,"HCK;TYROBP;VCAM1;PTPRC;GMFG;ITGB2;SLC15A3;AIF1;CTSS"
"Methotrexate-0.3 mg/kg in Corn Oil-Rat-Spleen-0.25d-up","9/302",7.99698568740531e-06,0.000799960764992577,0,0,7.53250853242321,88.404878704017,"TYROBP;VCAM1;GMFG;ADORA3;SLCO2B1;FGL2;RAPGEF5;AIF1;CTSS"
"NN-Dimethylformamide-1400 mg/kg in Saline-Rat-Spleen-3d-up","9/302",7.99698568740531e-06,0.000799960764992577,0,0,7.53250853242321,88.404878704017,"SLC7A7;VCAM1;PTPRC;ADORA3;ITGB2;CASP1;CD48;AIF1;CTSS"
"Acyclovir-330 mg/kg in Saline-Rat-Spleen-0.25d-up","9/304",8.43208244101593e-06,0.0008298801137916,0,0,7.48067796610169,87.4002525765477,"HCK;TYROBP;SLC7A7;ITGB2;FGL2;NKG7;CD37;AIF1;CTSS"
"Doxorubicin-3 mg/kg in Saline-Rat-Spleen-3d-up","9/305",8.65712721236508e-06,0.000838504607140503,0,0,7.45502533783784,86.9041817816986,"VCAM1;PTPRC;GMFG;ADORA3;ITGB2;FGL2;CD48;RAPGEF5;CTSS"
"Cyclophosphamide-25 mg/kg in Water-Rat-Bone marrow-3d-up","9/306",8.88729511504047e-06,0.00084734804362464,0,0,7.42954545454545,86.4122097076274,"SLC7A7;VCAM1;ADORA3;SLCO2B1;ITGB2;NKG7;CD48;AIF1;CTSS"
"Procarbazine-54 mg/kg in Water-Rat-Bone marrow-1d-up","9/307",9.12268200681402e-06,0.00085640931700891,0,0,7.40423657718121,85.9242901140186,"TYROBP;VCAM1;PTPRC;ALOX5;ITGB2;FGL2;NKG7;AIF1;CTSS"
"Methotrexate-0.3 mg/kg in Corn Oil-Rat-Spleen-1d-dn","9/308",9.36338512832109e-06,0.000865687515954777,0,0,7.37909698996656,85.4403774274136,"HCK;TYROBP;PTPRC;GMFG;ITGB2;CD37;CD48;AIF1;CTSS"
"Mitotane-5000 mg/kg in Water-Rat-Bone marrow-3d-up","9/309",9.60950311561574e-06,0.000875181910619213,0,0,7.354125,84.9604267301043,"HCK;TYROBP;SLC7A7;VCAM1;NKG7;CD37;CCR5;AIF1;CTSS"
"Diethylstilbestrol-2.8 mg/kg in Corn Oil-Rat-Bone marrow-3d-up","9/311",1.01183852897274e-05,0.000907976279969363,0,0,7.30467715231788,84.0122348418713,"HCK;TYROBP;SLC7A7;ALOX5;ITGB2;NKG7;CCR5;AIF1;CTSS"
"Cyclosporin A-70 mg/kg in Corn Oil-Rat-Bone marrow-1d-up","9/312",1.0381353842178e-05,0.000918072770216962,0,0,7.28019801980198,83.5439069945407,"HCK;SLC7A7;VCAM1;ADORA3;ITGB2;NKG7;CCR5;AIF1;CTSS"
"Mitomycin C-1.7 mg/kg in Saline-Rat-Spleen-3d-up","9/313",1.06501460275402e-05,0.000928388443715001,0,0,7.25587993421053,83.0793677953828,"VCAM1;PTPRC;ADORA3;SLCO2B1;ITGB2;FGL2;RAPGEF5;AIF1;CTSS"
"Chlorambucil-0.6 mg/kg in Corn Oil-Rat-Spleen-0.25d-up","9/314",1.09248676551093e-05,0.000938923132837703,0,0,7.23172131147541,82.6185754406361,"HCK;TYROBP;VCAM1;PTPRC;GMFG;ITGB2;CD37;AIF1;CTSS"
"Thioguanine-24 mg/kg in Corn Oil-Rat-Spleen-5d-up","9/315",1.1205626018524e-05,0.000949676805069911,0,0,7.20772058823529,82.1614887109879,"HCK;TYROBP;VCAM1;PTPRC;GMFG;SLCO2B1;CD37;AIF1;CTSS"
"Thioguanine-24 mg/kg in Corn Oil-Rat-Bone marrow-5d-up","9/316",1.14925298943445e-05,0.000960649553634108,0,0,7.18387622149837,81.7080669715682,"HCK;TYROBP;VCAM1;SLCO2B1;ITGB2;FGL2;NKG7;AIF1;CTSS"
"Bithionol-333 mg/kg in Corn Oil-Rat-Spleen-5d-up","9/319",1.23912250253248e-05,0.00102177371762881,0,0,7.11326612903226,80.3693938159439,"HCK;TYROBP;VCAM1;PTPRC;GMFG;NKG7;CD37;AIF1;CTSS"
"Cyclosporin A-70 mg/kg in Corn Oil-Rat-Bone marrow-3d-up","9/320",1.27038290164515e-05,0.00103358352877849,0,0,7.09003215434084,79.9302369236158,"HCK;TYROBP;SLC7A7;PTPRC;ITGB2;CD37;CD48;AIF1;CTSS"
"Leflunomide-60 mg/kg in Corn Oil-Rat-Spleen-5d-up","9/321",1.30231452429959e-05,0.00104562147727317,0,0,7.06694711538462,79.4945501935885,"HCK;TYROBP;VCAM1;GMFG;SLCO2B1;FGL2;RAPGEF5;AIF1;CTSS"
"Lomustine-8.75 mg/kg in Corn Oil-Rat-Spleen-1d-dn","9/325",1.4369916445206e-05,0.0011387692227097,0,0,6.97606803797468,77.7857653876443,"HCK;TYROBP;GMFG;ADORA3;ITGB2;CD37;CCR5;AIF1;CTSS"
"Oxaliplatin-1.31 mg/kg in Saline-Rat-Bone marrow-1d-up","9/326",1.47245958336566e-05,0.00115191645867913,0,0,6.95370662460568,77.3668792442354,"HCK;TYROBP;PTPRC;GMFG;ADORA3;FGL2;NKG7;CD48;CTSS"
"Sodium Arsenite-30 mg/kg in Saline-Rat-Bone marrow-3d-up","9/330",1.62190423291433e-05,0.00125276704167636,0,0,6.86565420560748,75.7235285065228,"TYROBP;GMFG;ADORA3;ITGB2;FGL2;NKG7;CD37;CD48;LCP2"
"Lead(IV) Acetate-600 mg/kg in Saline-Rat-Spleen-1d-up","9/334",1.78409681668364e-05,0.00136081984692545,0,0,6.77976923076923,74.1300860102717,"HCK;TYROBP;SLC7A7;VCAM1;ITGB2;FGL2;CCR5;AIF1;CTSS"
"Clobetasol Propionate-17 mg/kg in Corn Oil-Rat-Bone marrow-5d-up","9/335",1.82673867890929e-05,0.00137614313811166,0,0,6.7586273006135,73.7392815494033,"CCR1;HCK;TYROBP;SLC7A7;VCAM1;GMFG;ADORA3;NKG7;CTSS"
"Irinotecan-5 mg/kg in Saline-Rat-Bone marrow-1d-up","8/265",2.39006836514936e-05,0.00177856062977334,0,0,7.55305759715617,80.3766441221031,"HCK;TYROBP;VCAM1;ADORA3;FGL2;NKG7;CD48;CTSS"
"Cisplatin-1.17 mg/kg in Saline-Rat-Spleen-3d-up","8/266",2.45531592399422e-05,0.00180510093592924,0,0,7.52339936836061,79.8584017694039,"VCAM1;PTPRC;ADORA3;ITGB2;FGL2;CD48;RAPGEF5;CTSS"
"Vincristine-0.05 mg/kg in Saline-Rat-Bone marrow-0.25d-up","8/267",2.52205189380648e-05,0.00183209055428656,0,0,7.49397016063683,79.3450518332326,"TYROBP;GMFG;ADORA3;ITGB2;FGL2;NKG7;CD37;LCP2"
"Camptothecin-2.5 mg/kg in Saline-Rat-Bone marrow-1d-up","9/350",2.5785851177873e-05,0.00185112075161625,0,0,6.45637829912023,68.2160568986511,"TYROBP;VCAM1;PTPRC;ADORA3;FGL2;NKG7;CD48;LCP2;CTSS"
"Acyclovir-330 mg/kg in Saline-Rat-Bone marrow-3d-up","9/351",2.63689773630458e-05,0.00187097092871286,0,0,6.43717105263158,67.8691693570366,"CCR1;HCK;TYROBP;SLC7A7;ADORA3;FGL2;CD37;CD48;CTSS"
"Cisplatin-2 mg/kg in Saline-Rat-Spleen-3d-up","8/270",2.73146235618168e-05,0.00191579118361157,0,0,7.40703044010932,77.833730183841,"TYROBP;ADORA3;SLCO2B1;ITGB2;FGL2;NKG7;RAPGEF5;AIF1"
"Lomustine-8.75 mg/kg in Corn Oil-Rat-Spleen-5d-up","8/271",2.80442584854448e-05,0.00194461437816118,0,0,7.37849129230625,77.3393287085415,"HCK;TYROBP;VCAM1;PTPRC;SLCO2B1;ITGB2;AIF1;CTSS"
"Chlorambucil-4.5 mg/kg in Corn Oil-Rat-Spleen-5d-up","8/276",3.19423290502282e-05,0.00219002350409542,0,0,7.23899023401511,74.9349756557775,"HCK;TYROBP;VCAM1;SLCO2B1;FGL2;NKG7;AIF1;CTSS"
"Allyl Alcohol-16 mg/kg in Saline-Rat-Bone marrow-1d-up","9/364",3.50315022165846e-05,0.00237513585028443,0,0,6.19732394366197,63.5799752299985,"HCK;TYROBP;SLC7A7;ADORA3;ITGB2;NKG7;CD37;CD48;CTSS"
"Pralidoxime Chloride-48 mg/kg in Saline-Rat-Liver-5d-up","8/281",3.62843555432524e-05,0.00243304546730688,0,0,7.1045991045991,72.6383014083475,"HCK;TYROBP;GMFG;ADORA3;ITGB2;CD48;AIF1;CTSS"
"Fluorouracil-29 mg/kg in CMC-Rat-Spleen-5d-up","8/283",3.81542086255299e-05,0.00253061935905417,0,0,7.05221099887767,71.7483095688603,"VCAM1;PTPRC;GMFG;SLCO2B1;CD37;CD48;AIF1;CTSS"
"Chlorambucil-0.6 mg/kg in Corn Oil-Rat-Spleen-1d-dn","8/285",4.01039925497621e-05,0.00263133938213601,0,0,7.00057940009805,70.8741085131091,"TYROBP;PTPRC;GMFG;ADORA3;CD37;CD48;LCP2;AIF1"
"Diethylstilbestrol-280 mg/kg in Corn Oil-Rat-Spleen-5d-up","8/286",4.11096971961063e-05,0.0026686316201132,0,0,6.97504218847144,70.4428100690134,"VCAM1;GMFG;ADORA3;SLCO2B1;ITGB2;FGL2;CD37;CTSS"
"Acyclovir-980 mg/kg in Saline-Rat-Bone marrow-5d-up","8/288",4.31844442672925e-05,0.00274491123873978,0,0,6.92451499118166,69.5915848784372,"HCK;TYROBP;GMFG;ITGB2;CD37;CD48;AIF1;CTSS"
"Allyl Alcohol-25 mg/kg in Saline-Rat-Bone marrow-1d-up","8/288",4.31844442672925e-05,0.00274491123873978,0,0,6.92451499118166,69.5915848784372,"HCK;TYROBP;PTPRC;GMFG;ADORA3;NKG7;CD37;CTSS"
"Tazobactam-1500 mg/kg in CMC-Rat-Spleen-5d-up","8/289",4.42541838469926e-05,0.00278390752406545,0,0,6.89952111067176,69.1715672872808,"HCK;VCAM1;PTPRC;ITGB2;CD37;CD48;RAPGEF5;CTSS"
"Etoposide-100 mg/kg in Corn Oil-Rat-Bone marrow-0.25d-up","8/290",4.53459723883634e-05,0.00282348085218157,0,0,6.87470449172577,68.755220295697,"HCK;TYROBP;SLC7A7;VCAM1;ADORA3;ITGB2;FGL2;NKG7"
"Cytarabine-487 mg/kg in Saline-Rat-Bone marrow-5d-dn","8/293",4.87572411609497e-05,0.00295947679507523,0,0,6.80129954515919,67.5277692153561,"HCK;TYROBP;SLC7A7;GMFG;ADORA3;NKG7;CD37;CCR5"
"Diethylstilbestrol-280 mg/kg in Corn Oil-Rat-Spleen-1d-up","8/295",5.11483555565176e-05,0.00295947679507523,0,0,6.75321546866262,66.7270377938792,"TYROBP;SLC7A7;VCAM1;SLCO2B1;ITGB2;FGL2;AIF1;CTSS"
"Doxorubicin-3 mg/kg in Saline-Rat-Spleen-1d-up","8/295",5.11483555565176e-05,0.00295947679507523,0,0,6.75321546866262,66.7270377938792,"HCK;VCAM1;PTPRC;ITGB2;FGL2;CD37;CD48;CTSS"
"Oxaliplatin-1.31 mg/kg in Saline-Rat-Bone marrow-0.25d-up","8/295",5.11483555565176e-05,0.00295947679507523,0,0,6.75321546866262,66.7270377938792,"HCK;PTPRC;GMFG;ADORA3;FGL2;CD37;CD48;LCP2"
"Amikacin-20 mg/kg in Saline-Rat-Bone marrow-1d-up","8/296",5.23801202668182e-05,0.00295947679507523,0,0,6.72942386831276,66.3318195152409,"HCK;PTPRC;GMFG;ADORA3;ITGB2;FGL2;CD48;CTSS"
"Aztreonam-1100 mg/kg in CMC-Rat-Spleen-5d-up","8/296",5.23801202668182e-05,0.00295947679507523,0,0,6.72942386831276,66.3318195152409,"HCK;TYROBP;VCAM1;PTPRC;CD37;CD48;AIF1;CTSS"
"Carmustine-16 mg/kg in Corn Oil-Rat-Spleen-3d-up","8/296",5.23801202668182e-05,0.00295947679507523,0,0,6.72942386831276,66.3318195152409,"VCAM1;GMFG;ADORA3;SLCO2B1;FGL2;LCP2;RAPGEF5;AIF1"
"Doxifluridine-1230 mg/kg in CMC-Rat-Bone marrow-3d-up","8/296",5.23801202668182e-05,0.00295947679507523,0,0,6.72942386831276,66.3318195152409,"TYROBP;VCAM1;GMFG;SLCO2B1;FGL2;CD37;AIF1;CTSS"
"Lead (II) Acetate-600 mg/kg in Saline-Rat-Spleen-5d-up","8/296",5.23801202668182e-05,0.00295947679507523,0,0,6.72942386831276,66.3318195152409,"TYROBP;VCAM1;GMFG;ITGB2;CD37;RAPGEF5;AIF1;CTSS"
"Leflunomide-30 mg/kg in Corn Oil-Rat-Spleen-0.25d-up","8/296",5.23801202668182e-05,0.00295947679507523,0,0,6.72942386831276,66.3318195152409,"HCK;TYROBP;PTPRC;GMFG;FGL2;CD37;AIF1;CTSS"
"N-Nitrosodiethylamine-1.67 mg/kg in Saline-Rat-Spleen-0.25d-up","8/298",5.49179855961639e-05,0.00302772702727555,0,0,6.68233290762026,65.5514783592662,"HCK;TYROBP;PTPRC;ADORA3;FGL2;CD37;LCP2;AIF1"
"Acyclovir-330 mg/kg in Saline-Rat-Bone marrow-1d-up","9/386",5.51818586501937e-05,0.00302772702727555,0,0,5.82911140583554,57.153716310088,"CCR1;TYROBP;SLC7A7;GMFG;ADORA3;FGL2;CD37;CCR5;AIF1"
"Thioguanine-12 mg/kg in Corn Oil-Rat-Spleen-1d-dn","8/299",5.62248675174684e-05,0.00302772702727555,0,0,6.6590301641848,65.1662774731801,"HCK;PTPRC;GMFG;ADORA3;CD37;CD48;AIF1;CTSS"
"Diethylstilbestrol-280 mg/kg in Corn Oil-Rat-Bone marrow-1d-up","8/300",5.75575770507971e-05,0.00302772702727555,0,0,6.63588702858109,64.7843386725055,"HCK;TYROBP;SLC7A7;VCAM1;ITGB2;NKG7;AIF1;CTSS"
"Etoposide-188 mg/kg in Corn Oil-Rat-Bone marrow-1d-up","8/300",5.75575770507971e-05,0.00302772702727555,0,0,6.63588702858109,64.7843386725055,"HCK;TYROBP;SLC7A7;VCAM1;ITGB2;NKG7;AIF1;CTSS"
"Lead (II) Acetate-200 mg/kg in Saline-Rat-Spleen-3d-up","8/300",5.75575770507971e-05,0.00302772702727555,0,0,6.63588702858109,64.7843386725055,"TYROBP;VCAM1;PTPRC;ITGB2;FGL2;CD48;AIF1;CTSS"
"Methotrexate-27 mg/kg in Corn Oil-Rat-Bone marrow-1d-up","8/300",5.75575770507971e-05,0.00302772702727555,0,0,6.63588702858109,64.7843386725055,"HCK;TYROBP;SLC7A7;VCAM1;ITGB2;NKG7;AIF1;CTSS"
"Penciclovir-1200 mg/kg in Corn Oil-Rat-Bone marrow-5d-up","8/300",5.75575770507971e-05,0.00302772702727555,0,0,6.63588702858109,64.7843386725055,"HCK;TYROBP;GMFG;ADORA3;ITGB2;NKG7;CD37;AIF1"
"Aztreonam-1100 mg/kg in CMC-Rat-Spleen-3d-up","8/302",6.03020895453578e-05,0.00314498590090405,0,0,6.59007306626354,64.0300975797312,"HCK;VCAM1;PTPRC;ADORA3;ITGB2;FGL2;CD48;CTSS"
"Etoposide-100 mg/kg in Corn Oil-Rat-Spleen-0.25d-up","8/305",6.46227476721626e-05,0.00331368072517257,0,0,6.52250904102756,62.9222799671161,"HCK;TYROBP;PTPRC;GMFG;ITGB2;CD37;AIF1;CTSS"
"Melphalan-12 mg/kg in CMC-Rat-Spleen-3d-up","8/305",6.46227476721626e-05,0.00331368072517257,0,0,6.52250904102756,62.9222799671161,"HCK;VCAM1;PTPRC;ADORA3;ITGB2;CD48;RAPGEF5;CTSS"
"Betamethasone-79 mg/kg in Corn Oil-Rat-Bone marrow-5d-up","8/306",6.61190103247266e-05,0.00332873965204919,0,0,6.50028999917143,62.5591436121881,"HCK;TYROBP;SLC7A7;VCAM1;SLCO2B1;NKG7;CD48;CTSS"
"Doxorubicin-0.65 mg/kg in Saline-Rat-Spleen-3d-up","8/306",6.61190103247266e-05,0.00332873965204919,0,0,6.50028999917143,62.5591436121881,"HCK;TYROBP;VCAM1;PTPRC;ADORA3;ITGB2;CD48;CTSS"
"Lomustine-8.75 mg/kg in Corn Oil-Rat-Bone marrow-5d-up","8/307",6.76440047286299e-05,0.00332873965204919,0,0,6.47821957966886,62.1990175890747,"TYROBP;SLC7A7;VCAM1;FGL2;NKG7;CCR5;AIF1;CTSS"
"Melphalan-12 mg/kg in CMC-Rat-Spleen-5d-up","8/307",6.76440047286299e-05,0.00332873965204919,0,0,6.47821957966886,62.1990175890747,"HCK;VCAM1;PTPRC;GMFG;CD37;CD48;AIF1;CTSS"
"Methyl Methanesulfonate-113 mg/kg in Water-Rat-Bone marrow-3d-up","8/307",6.76440047286299e-05,0.00332873965204919,0,0,6.47821957966886,62.1990175890747,"HCK;GMFG;ADORA3;FGL2;NKG7;CD37;CD48;CTSS"
"Leflunomide-30 mg/kg in Corn Oil-Rat-Bone marrow-3d-up","8/309",7.07819248506821e-05,0.0034552904435109,0,0,6.4345186825807,61.487661403557,"TYROBP;VCAM1;PTPRC;GMFG;ITGB2;NKG7;AIF1;CTSS"
"Methotrexate-27 mg/kg in Corn Oil-Rat-Spleen-1d-up","8/310",7.23957300404563e-05,0.00347841531265247,0,0,6.41288529147249,61.1363648850133,"TYROBP;VCAM1;GMFG;ADORA3;SLCO2B1;FGL2;AIF1;CTSS"
"Noscapine-570 mg/kg in CMC-Rat-Spleen-1d-up","8/310",7.23957300404563e-05,0.00347841531265247,0,0,6.41288529147249,61.1363648850133,"HCK;VCAM1;PTPRC;ITGB2;FGL2;CD37;CD48;CTSS"
"Leflunomide-60 mg/kg in Corn Oil-Rat-Bone marrow-3d-up","8/312",7.57152639202708e-05,0.00360948859719916,0,0,6.37004548408057,60.4423726511461,"HCK;TYROBP;SLC7A7;VCAM1;ITGB2;NKG7;AIF1;CTSS"
"Ifosfamide-17 mg/kg in Saline-Rat-Spleen-1d-up","8/313",7.74218998588871e-05,0.00366223591425526,0,0,6.34883626796195,60.0996133787908,"HCK;VCAM1;PTPRC;ITGB2;CD37;CD48;AIF1;CTSS"
"Busulfan-9 mg/kg in Corn Oil-Rat-Bone marrow-5d-up","8/316",8.27348253954262e-05,0.00385380079819,0,0,6.28603495270162,59.0879109901082,"HCK;SLC7A7;VCAM1;SLCO2B1;ITGB2;FGL2;AIF1;CTSS"
"Etoposide-100 mg/kg in Corn Oil-Rat-Bone marrow-3d-up","8/316",8.27348253954262e-05,0.00385380079819,0,0,6.28603495270162,59.0879109901082,"HCK;TYROBP;GMFG;SLCO2B1;ITGB2;NKG7;LCP2;AIF1"
"Acyclovir-330 mg/kg in Saline-Rat-Spleen-1d-up","8/317",8.45717067164885e-05,0.00388012446905273,0,0,6.26537216828479,58.7561012181175,"HCK;TYROBP;VCAM1;ITGB2;FGL2;NKG7;CD37;CTSS"
"Procarbazine-27 mg/kg in Water-Rat-Bone marrow-3d-up","8/317",8.45717067164885e-05,0.00388012446905273,0,0,6.26537216828479,58.7561012181175,"HCK;TYROBP;SLC7A7;VCAM1;NKG7;CCR5;AIF1;CTSS"
"Penicillamine-852 mg/kg in Water-Rat-Bone marrow-3d-up","8/319",8.83471990075449e-05,0.0040230940921197,0,0,6.22444523837879,58.1004412166666,"HCK;TYROBP;SLC7A7;ITGB2;NKG7;CCR5;AIF1;CTSS"
"Etoposide-100 mg/kg in Corn Oil-Rat-Bone marrow-1d-up","8/320",9.02867835625667e-05,0.00405095553896163,0,0,6.20417853751187,57.7765334239909,"HCK;TYROBP;SLC7A7;VCAM1;ITGB2;NKG7;AIF1;CTSS"
"Lead (II) Acetate-600 mg/kg in Saline-Rat-Spleen-1d-up","8/320",9.02867835625667e-05,0.00405095553896163,0,0,6.20417853751187,57.7765334239909,"HCK;SLC7A7;VCAM1;ITGB2;FGL2;CD48;AIF1;CTSS"
"Carboplatin-14 mg/kg in Saline-Rat-Spleen-3d-up","8/321",9.22615841604443e-05,0.00410934442735059,0,0,6.18404133633101,57.4552027257618,"HCK;VCAM1;PTPRC;ADORA3;ITGB2;FGL2;CD48;CTSS"
"Mycophenolate Mofetil-63 mg/kg in CMC-Rat-Bone marrow-5d-up","8/326",0.000102681460751988,0.00450764225545778,0,0,6.08525506638714,55.8862460666117,"TYROBP;GMFG;ITGB2;FGL2;NKG7;CD48;LCP2;AIF1"
"Urethane-453 mg/kg in Water-Rat-Bone marrow-1d-dn","8/326",0.000102681460751988,0.00450764225545778,0,0,6.08525506638714,55.8862460666117,"HCK;TYROBP;SLC7A7;GMFG;ADORA3;NKG7;CCR5;AIF1"
"Cytarabine-487 mg/kg in Saline-Rat-Spleen-1d-up","8/329",0.000109388665441383,0.00476778311802371,0,0,6.02746048228914,54.9740758443101,"HCK;PTPRC;ADORA3;ITGB2;CD37;CD48;AIF1;CTSS"
"Lead (II) Acetate-200 mg/kg in Saline-Rat-Spleen-0.25d-up","8/330",0.000111703451300505,0.00480010182982874,0,0,6.00843493597117,54.6747328009059,"HCK;TYROBP;VCAM1;ITGB2;NKG7;CD37;AIF1;CTSS"
"Lead (II) Acetate-600 mg/kg in Saline-Rat-Bone marrow-3d-up","8/330",0.000111703451300505,0.00480010182982874,0,0,6.00843493597117,54.6747328009059,"CCR1;TYROBP;GMFG;ADORA3;FGL2;CD37;CD48;CTSS"
"N-Nitrosodiethylamine-34 mg/kg in Saline-Rat-Spleen-3d-up","8/332",0.000116454853536628,0.0049692833306329,0,0,5.97073616826703,54.0829693108643,"HCK;VCAM1;PTPRC;ADORA3;ITGB2;FGL2;CD48;CTSS"
"Sodium Arsenite-30 mg/kg in Saline-Rat-Bone marrow-1d-up","8/339",0.000134422664161,0.00569616039382237,0,0,5.84237812838014,52.0820055063426,"HCK;TYROBP;GMFG;ADORA3;CD37;CCR5;AIF1;CTSS"
"Famciclovir-112 mg/kg in Saline-Rat-Spleen-3d-up","8/341",0.00013995753528494,0.00588979917454278,0,0,5.80669558447336,51.529612469316,"TYROBP;SLC7A7;VCAM1;ADORA3;ITGB2;FGL2;CD37;CTSS"
"Methotrexate-0.3 mg/kg in Corn Oil-Rat-Spleen-3d-up","7/256",0.000146296385005051,0.00611438726918369,0,0,6.74081692624155,59.5205773258264,"VCAM1;PTPRC;GMFG;ADORA3;SLCO2B1;FGL2;LCP2"
"Cyclosporin A-70 mg/kg in Corn Oil-Rat-Spleen-0.25d-up","8/347",0.000157703625850499,0.0065020778712145,0,0,5.70217415055173,49.9213547496306,"HCK;TYROBP;PTPRC;GMFG;ITGB2;CD37;AIF1;CTSS"
"Famciclovir-1200 mg/kg in Saline-Rat-Spleen-3d-up","8/347",0.000157703625850499,0.0065020778712145,0,0,5.70217415055173,49.9213547496306,"SLC7A7;VCAM1;PTPRC;ADORA3;ITGB2;FGL2;CD48;CTSS"
"Busulfan-9 mg/kg in Corn Oil-Rat-Spleen-1d-dn","7/262",0.000168721059848695,0.00690963696105191,0,0,6.58020086083214,57.16394034096,"HCK;PTPRC;GMFG;ADORA3;ITGB2;CD37;CD48"
"Altretamine-40 mg/kg in Corn Oil-Rat-Spleen-5d-up","7/263",0.000172715503721673,0.00702606669139767,0,0,6.55416349085366,56.7843863898889,"TYROBP;VCAM1;PTPRC;GMFG;CD37;AIF1;CTSS"
"N-Nitrosodiethylamine-1.67 mg/kg in Saline-Rat-Spleen-3d-up","8/352",0.000173874218228173,0.00702636079224046,0,0,5.61785816824576,48.6348004103235,"HCK;PTPRC;ADORA3;ITGB2;FGL2;NKG7;AIF1;CTSS"
"Diethylstilbestrol-280 mg/kg in Corn Oil-Rat-Spleen-3d-up","7/265",0.000180934300107517,0.00726355986352676,0,0,6.50269427112876,56.0361652891692,"VCAM1;PTPRC;GMFG;ADORA3;SLCO2B1;FGL2;CD37"
"Carmustine-4 mg/kg in Corn Oil-Rat-Spleen-3d-up","7/267",0.000189466947915329,0.00750732023493076,0,0,6.45201688555347,55.3021463036285,"GMFG;ADORA3;SLCO2B1;FGL2;CD37;LCP2;AIF1"
"Diethylstilbestrol-2.8 mg/kg in Corn Oil-Rat-Spleen-3d-up","7/267",0.000189466947915329,0.00750732023493076,0,0,6.45201688555347,55.3021463036285,"PTPRC;GMFG;ADORA3;SLCO2B1;FGL2;CD37;LCP2"
"Carmustine-16 mg/kg in Corn Oil-Rat-Spleen-5d-up","7/271",0.000207509570023031,0.0081691832018099,0,0,6.35296563192905,53.8752647237588,"TYROBP;VCAM1;GMFG;SLCO2B1;ITGB2;AIF1;CTSS"
"Busulfan-9 mg/kg in Corn Oil-Rat-Spleen-5d-up","7/273",0.000217037820834636,0.00848951783803173,0,0,6.30455712451861,53.181706604888,"TYROBP;VCAM1;PTPRC;GMFG;SLCO2B1;AIF1;CTSS"
"Streptomycin-120 mg/kg in Saline-Rat-Bone marrow-1d-up","8/369",0.000239411426531931,0.00930502245030474,0,0,5.3486542867891,44.5934799920258,"HCK;TYROBP;SLC7A7;PTPRC;GMFG;FGL2;CD48;CTSS"
"Chlorambucil-0.6 mg/kg in Corn Oil-Rat-Bone marrow-1d-dn","7/278",0.000242412363558524,0.00936202685084883,0,0,6.18666186661867,51.503157631353,"TYROBP;GMFG;FGL2;NKG7;CD37;LCP2;AIF1"
"Cisplatin-1.17 mg/kg in Saline-Rat-Spleen-0.25d-up","7/279",0.000247763287040991,0.00944907235952579,0,0,6.16360294117647,51.176621765976,"HCK;VCAM1;ADORA3;ITGB2;CD37;CD48;CTSS"
"Fluorouracil-29 mg/kg in CMC-Rat-Spleen-3d-up","7/279",0.000247763287040991,0.00944907235952579,0,0,6.16360294117647,51.176621765976,"VCAM1;ADORA3;SLCO2B1;FGL2;RAPGEF5;AIF1;CTSS"
"Cyclosporin A-350 mg/kg in Corn Oil-Rat-Spleen-3d-up","7/280",0.000253209075898232,0.00959678124926096,0,0,6.14071294559099,50.8530555574142,"HCK;PTPRC;GMFG;ADORA3;ITGB2;FGL2;RAPGEF5"
"Azathioprine-20 mg/kg in Corn Oil-Rat-Spleen-1d-dn","7/281",0.000258750975811913,0.00974628675558207,0,0,6.11799003026527,50.5324223505364,"PTPRC;GMFG;ADORA3;CD37;CD48;LCP2;AIF1"
"Carboplatin-6 mg/kg in Saline-Rat-Spleen-1d-up","7/283",0.000270128141030325,0.0101124043961168,0,0,6.07303817603393,49.8998111989999,"HCK;TYROBP;SLC7A7;ADORA3;ITGB2;CCR5;CTSS"
"Carboplatin-14 mg/kg in Saline-Rat-Spleen-5d-up","7/286",0.000287946433539879,0.0107137142528069,0,0,6.0068187778652,48.9720082350739,"HCK;TYROBP;VCAM1;RAPGEF5;SLC15A3;AIF1;CTSS"
"Methotrexate-27 mg/kg in Corn Oil-Rat-Spleen-3d-up","7/287",0.000294091714171723,0.0108760463022779,0,0,5.98506097560976,48.6682348649718,"VCAM1;PTPRC;GMFG;ADORA3;SLCO2B1;RAPGEF5;CTSS"
"Leflunomide-30 mg/kg in Corn Oil-Rat-Spleen-1d-dn","7/290",0.000313163517852869,0.0115115890719169,0,0,5.92071016116522,47.77293782671,"TYROBP;PTPRC;GMFG;ADORA3;CD37;CD48;LCP2"
"Etoposide-188 mg/kg in Corn Oil-Rat-Spleen-1d-up","7/293",0.000333217405477799,0.0121754048396738,0,0,5.85770936380692,46.9010118404967,"TYROBP;VCAM1;ADORA3;SLCO2B1;NKG7;AIF1;CTSS"
"Camptothecin-0.24 mg/kg in Saline-Rat-Bone marrow-1d-up","7/294",0.00034012662213721,0.0122807849010725,0,0,5.83700178465199,46.6154204099412,"SLC7A7;ADORA3;FGL2;NKG7;CD48;LCP2;CCR5"
"Noscapine-570 mg/kg in CMC-Rat-Bone marrow-5d-dn","7/294",0.00034012662213721,0.0122807849010725,0,0,5.83700178465199,46.6154204099412,"HCK;PTPRC;GMFG;FGL2;CD37;CD48;LCP2"
"Allyl Alcohol-16 mg/kg in Saline-Rat-Bone marrow-3d-dn","6/209",0.000342511440101548,0.0122941459264685,0,0,7.01810196450828,55.9988777881926,"HCK;SLC7A7;ADORA3;ITGB2;NKG7;AIF1"
"Leflunomide-30 mg/kg in Corn Oil-Rat-Bone marrow-0.25d-up","7/295",0.000347150432386233,0.0123877891135719,0,0,5.81643800813008,46.3323047274381,"HCK;TYROBP;SLC7A7;ITGB2;NKG7;CD37;CTSS"
"NN-Dimethylformamide-140 mg/kg in Saline-Rat-Bone marrow-3d-up","7/296",0.000354290231085627,0.0125690638958401,0,0,5.79601654148029,46.0516357417815,"TYROBP;SLC7A7;ADORA3;IL10RA;FGL2;NKG7;CCR5"
"Irinotecan-5 mg/kg in Saline-Rat-Bone marrow-5d-up","7/297",0.000361547423062835,0.0127523836735805,0,0,5.77573591253154,45.7733848365148,"HCK;TYROBP;GMFG;FGL2;NKG7;CD37;LCP2"
"Carboplatin-6 mg/kg in Saline-Rat-Spleen-0.25d-up","7/299",0.000376419655909486,0.0129040041593241,0,0,5.7355913798864,45.2240249288628,"HCK;TYROBP;SLC7A7;ADORA3;FGL2;CD37;CD48"
"Clobetasol Propionate-17 mg/kg in Corn Oil-Rat-Bone marrow-1d-dn","7/299",0.000376419655909486,0.0129040041593241,0,0,5.7355913798864,45.2240249288628,"HCK;PTPRC;GMFG;FGL2;CD37;CD48;LCP2"
"Cytarabine-23 mg/kg in Saline-Rat-Spleen-3d-up","7/299",0.000376419655909486,0.0129040041593241,0,0,5.7355913798864,45.2240249288628,"VCAM1;PTPRC;ADORA3;ITGB2;FGL2;CD48;CTSS"
"Sodium Arsenite-10 mg/kg in Saline-Rat-Bone marrow-0.25d-dn","7/299",0.000376419655909486,0.0129040041593241,0,0,5.7355913798864,45.2240249288628,"HCK;SLC7A7;VCAM1;FGL2;NKG7;CD48;LCP2"
"Tranilast-300 mg/kg in CMC-Rat-Spleen-5d-up","7/299",0.000376419655909486,0.0129040041593241,0,0,5.7355913798864,45.2240249288628,"VCAM1;PTPRC;GMFG;SLCO2B1;CD37;CD48;CTSS"
"NN-Dimethylformamide-140 mg/kg in Saline-Rat-Spleen-1d-up","7/300",0.000384037556307102,0.0130916042937762,0,0,5.71572463164905,44.9528607959862,"HCK;TYROBP;SLC7A7;VCAM1;ITGB2;CD48;CTSS"
"Mitomycin C-0.5 mg/kg in Saline-Rat-Spleen-0.25d-up","7/302",0.000399644148361296,0.0135479366294479,0,0,5.67639520463001,44.417429390764,"HCK;TYROBP;VCAM1;ITGB2;CD37;AIF1;CTSS"
"Azathioprine-20 mg/kg in Corn Oil-Rat-Bone marrow-0.25d-up","7/303",0.000407635759239285,0.0137425049882769,0,0,5.65692979564931,44.1531093914735,"HCK;TYROBP;NKG7;CD37;CCR5;AIF1;CTSS"
"Daunorubicin-3.25 mg/kg in Saline-Rat-Bone marrow-0.25d-up","7/305",0.000424002983417798,0.0142157483781066,0,0,5.61839089867409,43.6311318622256,"HCK;PTPRC;GMFG;ITGB2;NKG7;CD37;CD48"
"Carboplatin-14 mg/kg in Saline-Rat-Spleen-1d-up","7/306",0.00043238157554731,0.0142615803999442,0,0,5.59931478913451,43.3734238821244,"TYROBP;SLC7A7;VCAM1;ADORA3;FGL2;CCR5;CTSS"
"Clobetasol Propionate-17 mg/kg in Corn Oil-Rat-Bone marrow-3d-up","7/306",0.00043238157554731,0.0142615803999442,0,0,5.59931478913451,43.3734238821244,"TYROBP;SLC7A7;GMFG;ADORA3;ITGB2;NKG7;CTSS"
"Mitomycin C-1.7 mg/kg in Saline-Rat-Spleen-1d-up","7/306",0.00043238157554731,0.0142615803999442,0,0,5.59931478913451,43.3734238821244,"HCK;TYROBP;VCAM1;ADORA3;ITGB2;AIF1;CTSS"
"1-Naphthyl Isothiocyanate-30 mg/kg in Corn Oil-Rat-Bone marrow-3d-up","7/307",0.00044089215691735,0.0143102337314344,0,0,5.58036585365854,43.1178700656613,"TYROBP;PTPRC;GMFG;ITGB2;CD48;AIF1;CTSS"
"Hydroxyurea-400 mg/kg in Saline-Rat-Bone marrow-5d-up","7/307",0.00044089215691735,0.0143102337314344,0,0,5.58036585365854,43.1178700656613,"TYROBP;VCAM1;GMFG;SLCO2B1;FGL2;AIF1;CTSS"
"Leflunomide-60 mg/kg in Corn Oil-Rat-Bone marrow-5d-up","7/307",0.00044089215691735,0.0143102337314344,0,0,5.58036585365854,43.1178700656613,"HCK;TYROBP;VCAM1;ITGB2;NKG7;AIF1;CTSS"
"Gentamicin-267 mg/kg in Corn Oil-Rat-Liver-3d-up","7/308",0.000449536241787409,0.0144372113020356,0,0,5.56154282473057,42.8644460910037,"HCK;TYROBP;ADORA3;SLCO2B1;RAPGEF5;AIF1;CTSS"
"Ritonavir-1200 mg/kg in CMC-Rat-Kidney-5d-up","7/308",0.000449536241787409,0.0144372113020356,0,0,5.56154282473057,42.8644460910037,"TYROBP;GMFG;ADORA3;FGL2;RAPGEF5;AIF1;CTSS"
"Bleomycin A2-12 mg/kg in Saline-Rat-Bone marrow-0.25d-dn","7/309",0.000458315354289187,0.0145658348535032,0,0,5.54284445162332,42.6131279868319,"TYROBP;SLC7A7;ADORA3;FGL2;NKG7;CCR5;AIF1"
"Carmustine-4 mg/kg in Corn Oil-Rat-Bone marrow-1d-up","7/309",0.000458315354289187,0.0145658348535032,0,0,5.54284445162332,42.6131279868319,"SLC7A7;VCAM1;ADORA3;ITGB2;NKG7;CCR5;CTSS"
"Lead(IV) Acetate-200 mg/kg in Saline-Rat-Spleen-1d-up","7/310",0.000467231028595777,0.0146961017344919,0,0,5.52426950012074,42.3638921240488,"HCK;SLC7A7;VCAM1;ADORA3;ITGB2;CD48;CTSS"
"Mitomycin C-1.7 mg/kg in Saline-Rat-Bone marrow-1d-up","7/310",0.000467231028595777,0.0146961017344919,0,0,5.52426950012074,42.3638921240488,"HCK;TYROBP;SLC7A7;ADORA3;IL10RA;NKG7;CCR5"
"Altretamine-13 mg/kg in Corn Oil-Rat-Bone marrow-0.25d-up","7/311",0.000476284808598579,0.0149040507798386,0,0,5.50581675224647,42.1167152135839,"TYROBP;VCAM1;FGL2;NKG7;CD37;AIF1;CTSS"
"Carbon Tetrachloride-1175 mg/kg in Corn Oil-Rat-Bone marrow-3d-up","7/312",0.000485478248291127,0.0151142258728187,0,0,5.4874850059976,41.8715742958274,"TYROBP;GMFG;ITGB2;NKG7;CD37;AIF1;CTSS"
"Thioguanine-24 mg/kg in Corn Oil-Rat-Bone marrow-1d-up","7/313",0.000494812911377378,0.0153266415493643,0,0,5.46927307508369,41.628446739358,"HCK;TYROBP;VCAM1;ITGB2;NKG7;AIF1;CTSS"
"5-Fluoro-2'-Deoxyuridine-54 mg/kg in Saline-Rat-Bone marrow-5d-dn","7/314",0.000504290371562331,0.0154632153129314,0,0,5.45117978867085,41.3873102318278,"HCK;SLC7A7;ADORA3;NKG7;CD37;CD48;CCR5"
"Diethylstilbestrol-2.8 mg/kg in Corn Oil-Rat-Bone marrow-1d-up","7/314",0.000504290371562331,0.0154632153129314,0,0,5.45117978867085,41.3873102318278,"HCK;TYROBP;SLC7A7;VCAM1;ITGB2;CD48;CTSS"
"Melphalan-12 mg/kg in CMC-Rat-Spleen-1d-up","7/315",0.000513912212307499,0.0156794615975018,0,0,5.43320399113082,41.1481427770599,"HCK;VCAM1;PTPRC;ITGB2;CD37;CD48;CTSS"
"Lomustine-4.2 mg/kg in Corn Oil-Rat-Bone marrow-3d-up","7/318",0.000543660000705983,0.0165045439020294,0,0,5.37997019841581,40.4422393739293,"SLC7A7;VCAM1;ITGB2;FGL2;CCR5;AIF1;CTSS"
"Catechol-195 mg/kg in Saline-Rat-Spleen-1d-up","7/320",0.000564243236095697,0.0170446149834453,0,0,5.34504792332268,39.9810927862414,"VCAM1;PTPRC;GMFG;SLCO2B1;CD37;CD48;CTSS"
"Colistin-121 mg/kg in Water-Rat-Liver-3d-up","7/321",0.000574765164559178,0.0171922403634319,0,0,5.32775361193102,39.7532946889,"HCK;TYROBP;GMFG;ADORA3;SLCO2B1;AIF1;CTSS"
"Valproic Acid-850 mg/kg in Water-Rat-Bone marrow-3d-up","7/321",0.000574765164559178,0.0171922403634319,0,0,5.32775361193102,39.7532946889,"SLC7A7;VCAM1;ADORA3;NKG7;CD37;CCR5;CTSS"
"Cytarabine-23 mg/kg in Saline-Rat-Bone marrow-3d-dn","6/232",0.000595048467033315,0.0174090323927363,0,0,6.29651348757863,46.7633726343019,"HCK;TYROBP;GMFG;NKG7;CD37;AIF1"
"Acyclovir-980 mg/kg in Saline-Rat-Spleen-1d-up","7/323",0.000596277903979332,0.0174090323927363,0,0,5.29349336214881,39.3031491950616,"HCK;TYROBP;SLC7A7;ITGB2;NKG7;AIF1;CTSS"
"Ethanol-6000 mg/kg in Saline-Rat-Bone marrow-3d-up","7/323",0.000596277903979332,0.0174090323927363,0,0,5.29349336214881,39.3031491950616,"HCK;TYROBP;PTPRC;ADORA3;FGL2;CD48;CTSS"
"Lead(IV) Acetate-600 mg/kg in Saline-Rat-Spleen-5d-up","7/323",0.000596277903979332,0.0174090323927363,0,0,5.29349336214881,39.3031491950616,"HCK;TYROBP;VCAM1;ITGB2;NKG7;AIF1;CTSS"
"Lead (II) Acetate-200 mg/kg in Saline-Rat-Spleen-1d-up","7/323",0.000596277903979332,0.0174090323927363,0,0,5.29349336214881,39.3031491950616,"HCK;VCAM1;CD37;CD48;CCR5;AIF1;CTSS"
"Ritonavir-1200 mg/kg in CMC-Rat-Kidney-3d-up","7/324",0.000607272048621001,0.0176455906699302,0,0,5.27652535200431,39.0807627423482,"TYROBP;GMFG;ADORA3;FGL2;RAPGEF5;AIF1;CTSS"
"Amikacin-82 mg/kg in Saline-Rat-Bone marrow-3d-up","7/325",0.000618426948463775,0.0178845556375638,0,0,5.25966405890474,38.8601415612365,"TYROBP;VCAM1;GMFG;ADORA3;FGL2;NKG7;CTSS"
"Carboplatin-6 mg/kg in Saline-Rat-Bone marrow-0.25d-dn","7/329",0.000664688066618107,0.0191317291627533,0,0,5.19326617179215,37.9949360558053,"HCK;TYROBP;SLC7A7;FGL2;NKG7;CCR5;AIF1"
"Cyclosporin A-350 mg/kg in Corn Oil-Rat-Kidney-3d-up","7/333",0.000713658294873983,0.0204448024193476,0,0,5.12849768068233,37.1565107983454,"HCK;TYROBP;ITGB2;FGL2;RAPGEF5;AIF1;CTSS"
"Lead(IV) Acetate-200 mg/kg in Saline-Rat-Bone marrow-1d-up","7/337",0.000765449868931117,0.021623958797304,0,0,5.06529933481153,36.3437599505243,"TYROBP;PTPRC;GMFG;ITGB2;FGL2;CD37;CD48"
"N-Nitrosodiethylamine-34 mg/kg in Saline-Rat-Bone marrow-1d-up","7/337",0.000765449868931117,0.021623958797304,0,0,5.06529933481153,36.3437599505243,"CCR1;TYROBP;VCAM1;ADORA3;FGL2;CD37;AIF1"
"Vinblastine-0.08 mg/kg in Saline-Rat-Bone marrow-1d-up","7/337",0.000765449868931117,0.021623958797304,0,0,5.06529933481153,36.3437599505243,"VCAM1;PTPRC;GMFG;ADORA3;FGL2;CD48;CTSS"
"Cytarabine-23 mg/kg in Saline-Rat-Spleen-0.25d-up","7/344",0.000863220266464421,0.0242735947740364,0,0,4.9583122240718,34.9801027131103,"HCK;VCAM1;FGL2;CD37;CD48;SLC15A3;CTSS"
"Lomustine-4.2 mg/kg in Corn Oil-Rat-Spleen-3d-dn","7/347",0.000908030673545347,0.025389930643186,0,0,4.91380918220947,34.4174614740585,"HCK;TYROBP;SLC7A7;CD48;CCR5;AIF1;CTSS"
"Harringtonine-23 mg/kg in Saline-Rat-Bone marrow-3d-dn","6/252",0.000915402284742858,0.025389930643186,0,0,5.77872465471643,40.4288067746705,"HCK;TYROBP;GMFG;ITGB2;NKG7;CD37"
"Penciclovir-1200 mg/kg in Corn Oil-Rat-Bone marrow-1d-dn","6/252",0.000915402284742858,0.025389930643186,0,0,5.77872465471643,40.4288067746705,"HCK;PTPRC;FGL2;CD37;CD48;LCP2"
"Carbon Tetrachloride-400 mg/kg in Corn Oil-Rat-Kidney-0.25d-up","7/350",0.000954659712000593,0.0263589753965051,0,0,4.87008461921354,33.8673262441936,"TYROBP;EMCN;ADORA3;SLCO2B1;FGL2;AIF1;CTSS"
"Lomustine-8.75 mg/kg in Corn Oil-Rat-Spleen-3d-up","6/256",0.000992947219458304,0.027292630329435,0,0,5.68510843373494,39.3115756787225,"PTPRC;GMFG;SLCO2B1;FGL2;LCP2;RAPGEF5"
"Ifosfamide-17 mg/kg in Saline-Rat-Bone marrow-3d-dn","6/257",0.00101310088631259,0.0277217112478897,0,0,5.66217059472952,39.0391910686686,"HCK;TYROBP;GMFG;ADORA3;CD37;AIF1"
"Acyclovir-980 mg/kg in Saline-Rat-Bone marrow-1d-up","7/355",0.00103655712207574,0.0282369266022596,0,0,4.79888561816653,32.9772246165381,"TYROBP;GMFG;FGL2;CD37;CCR5;AIF1;CTSS"
"Thioguanine-12 mg/kg in Corn Oil-Rat-Spleen-3d-up","6/264",0.00116313794868451,0.0315443011683239,0,0,5.50658447744466,37.2059747916338,"TYROBP;VCAM1;ADORA3;SLCO2B1;FGL2;RAPGEF5"
"Streptomycin-120 mg/kg in Saline-Rat-Bone marrow-3d-dn","6/265",0.00118589178853507,0.0320190782904468,0,0,5.48504442480346,36.954171626069,"TYROBP;SLC7A7;GMFG;ADORA3;CD37;AIF1"
"Carboplatin-14 mg/kg in Saline-Rat-Bone marrow-3d-up","7/376",0.00144287559043567,0.0386514291410485,0,0,4.52092008724965,29.5718682276247,"CCR1;PTPRC;ADORA3;ITGB2;FGL2;NKG7;CD48"
"Bisphenol A-610 mg/kg in Corn Oil-Rat-Spleen-3d-up","6/276",0.00145937711735052,0.0386514291410485,0,0,5.25863453815261,34.3375455600148,"PTPRC;GMFG;ADORA3;FGL2;CD37;LCP2"
"Indomethacin-9.6 mg/kg in Water-Rat-Heart-5d-up","6/276",0.00145937711735052,0.0386514291410485,0,0,5.25863453815261,34.3375455600148,"TYROBP;GMFG;FGL2;CD48;AIF1;CTSS"
"Leflunomide-30 mg/kg in Corn Oil-Rat-Spleen-3d-up","6/276",0.00145937711735052,0.0386514291410485,0,0,5.25863453815261,34.3375455600148,"VCAM1;PTPRC;GMFG;ADORA3;ITGB2;RAPGEF5"
"Acyclovir-330 mg/kg in Saline-Rat-Spleen-3d-dn","6/277",0.00148643748253153,0.0386514291410485,0,0,5.23896323300582,34.1128436031621,"VCAM1;PTPRC;ADORA3;SLCO2B1;CD37;CD48"
"Bisphenol A-100 mg/kg in Corn Oil-Rat-Spleen-3d-up","6/277",0.00148643748253153,0.0386514291410485,0,0,5.23896323300582,34.1128436031621,"PTPRC;GMFG;ADORA3;FGL2;CD37;LCP2"
"Dideoxycytidine-1200 mg/kg in CMC-Rat-Liver-3d-up","6/277",0.00148643748253153,0.0386514291410485,0,0,5.23896323300582,34.1128436031621,"TYROBP;ADORA3;SLCO2B1;RAPGEF5;AIF1;CTSS"
"Hydroxyurea-59 mg/kg in Saline-Rat-Bone marrow-1d-up","6/277",0.00148643748253153,0.0386514291410485,0,0,5.23896323300582,34.1128436031621,"HCK;TYROBP;GMFG;ITGB2;FGL2;NKG7"
"NN-Dimethylformamide-1400 mg/kg in Saline-Rat-Bone marrow-3d-up","7/379",0.00150986078644878,0.0386514291410485,0,0,4.48377261998426,29.1254114144479,"TYROBP;VCAM1;GMFG;FGL2;NKG7;AIF1;CTSS"
"Busulfan-9 mg/kg in Corn Oil-Rat-Bone marrow-1d-dn","6/278",0.00151387931247306,0.0386514291410485,0,0,5.21943656980865,33.890218375386,"TYROBP;GMFG;ADORA3;FGL2;NKG7;CD37"
"Hydroxyurea-59 mg/kg in Saline-Rat-Bone marrow-0.25d-dn","6/278",0.00151387931247306,0.0386514291410485,0,0,5.21943656980865,33.890218375386,"HCK;PTPRC;ADORA3;FGL2;CD48;CCR5"
"Meropenem-1500 mg/kg in CMC-Rat-Spleen-3d-up","6/278",0.00151387931247306,0.0386514291410485,0,0,5.21943656980865,33.890218375386,"HCK;VCAM1;PTPRC;FGL2;RAPGEF5;CTSS"
"Zopiclone-414 mg/kg in Water-Rat-Liver-3d-dn","6/278",0.00151387931247306,0.0386514291410485,0,0,5.21943656980865,33.890218375386,"TYROBP;GMFG;ADORA3;SLCO2B1;AIF1;CTSS"
"Tegafur-175 mg/kg in Water-Rat-Bone marrow-1d-up","6/280",0.00156992150386261,0.0399152542357069,0,0,5.18081083457919,33.4510949702475,"TYROBP;GMFG;ADORA3;FGL2;CD37;LCP2"
"Lead (II) Acetate-200 mg/kg in Saline-Rat-Bone marrow-1d-up","7/383",0.00160292950058562,0.0405853768156575,0,0,4.43516476388168,28.5443761894377,"TYROBP;PTPRC;GMFG;ADORA3;FGL2;CD37;CD48"
"Meropenem-1500 mg/kg in CMC-Rat-Spleen-5d-up","6/282",0.00162753208167768,0.0408691389399063,0,0,5.14274489261393,33.0199731310663,"VCAM1;PTPRC;GMFG;CD37;CD48;CTSS"
"NN-Dimethylformamide-1400 mg/kg in Saline-Rat-Spleen-1d-up","6/282",0.00162753208167768,0.0408691389399063,0,0,5.14274489261393,33.0199731310663,"TYROBP;VCAM1;ITGB2;CD48;AIF1;CTSS"
"5-Fluoro-2'-Deoxyuridine-54 mg/kg in Saline-Rat-Bone marrow-1d-dn","6/283",0.00165693443707781,0.0412678119797909,0,0,5.12391805489104,32.8073513432758,"HCK;TYROBP;GMFG;NKG7;CD37;AIF1"
"Mitomycin C-1.7 mg/kg in Saline-Rat-Bone marrow-5d-up","6/283",0.00165693443707781,0.0412678119797909,0,0,5.12391805489104,32.8073513432758,"TYROBP;GMFG;ADORA3;IL10RA;FGL2;NKG7"
"Carmofur-201 mg/kg in CMC-Rat-Bone marrow-1d-up","6/284",0.00168673961745371,0.0418393705109859,0,0,5.10522666204386,32.596656969302,"TYROBP;FGL2;NKG7;CD37;LCP2;CTSS"
"Carbon Tetrachloride-1175 mg/kg in Corn Oil-Rat-Bone marrow-1d-dn","6/285",0.00171695122170955,0.0420756480115329,0,0,5.08666925767586,32.3878664725104,"HCK;TYROBP;GMFG;FGL2;NKG7;CD37"
"Doxorubicin-0.65 mg/kg in Saline-Rat-Spleen-1d-up","6/285",0.00171695122170955,0.0420756480115329,0,0,5.08666925767586,32.3878664725104,"SLC7A7;VCAM1;PTPRC;ITGB2;CD48;CTSS"
"Lacidipine-14 mg/kg in Corn Oil-Rat-Heart-3d-up","6/285",0.00171695122170955,0.0420756480115329,0,0,5.08666925767586,32.3878664725104,"TYROBP;ADORA3;SLCO2B1;CD48;RAPGEF5;CTSS"
"Allyl Alcohol-16 mg/kg in Saline-Rat-Bone marrow-0.25d-dn","6/286",0.00174757285977662,0.0424848190850874,0,0,5.06824440619621,32.1809566814504,"GMFG;ADORA3;FGL2;CD48;LCP2;CCR5"
"Doxorubicin-0.65 mg/kg in Saline-Rat-Bone marrow-0.25d-dn","6/286",0.00174757285977662,0.0424848190850874,0,0,5.06824440619621,32.1809566814504,"TYROBP;SLC7A7;ADORA3;FGL2;NKG7;CCR5"
"Thioguanine-24 mg/kg in Corn Oil-Rat-Spleen-1d-up","6/287",0.00177860815221436,0.0430677259714762,0,0,5.04995069244951,31.975904783748,"TYROBP;VCAM1;SLCO2B1;FGL2;CD37;AIF1"
"Hydrocortisone-56 mg/kg in Corn Oil-Rat-Bone marrow-1d-up","6/288",0.00181006073019806,0.0436560892318915,0,0,5.0317867213535,31.772688318978,"TYROBP;VCAM1;ADORA3;NKG7;AIF1;CTSS"
"Leucovorin-1500 mg/kg in CMC-Rat-Bone marrow-1d-up","6/289",0.0018419342351316,0.0442499319006812,0,0,5.01375111754438,31.5712851727498,"HCK;PTPRC;ITGB2;FGL2;NKG7;CD48"
"Ethylene Glycol-3525 mg/kg in Water-Rat-Bone marrow-3d-up","6/290",0.00187423231889783,0.0448492769016257,0,0,4.9958425250297,31.3716735691523,"HCK;SLC7A7;ADORA3;NKG7;CCR5;CTSS"
"Nystatin-134 mg/kg in Corn Oil-Rat-Liver-3d-up","6/291",0.00190695864311597,0.045454147032397,0,0,4.97805960684845,31.1738320660634,"HCK;TYROBP;GMFG;RAPGEF5;AIF1;CTSS"
"Azauridine-1500 mg/kg in CMC-Rat-Bone marrow-1d-up","6/292",0.00194011687977051,0.0458860201564327,0,0,4.96040104473839,30.9777395468927,"HCK;PTPRC;ITGB2;NKG7;CD37;CD48"
"NN-Dimethylformamide-1400 mg/kg in Saline-Rat-Bone marrow-1d-up","6/292",0.00194011687977051,0.0458860201564327,0,0,4.96040104473839,30.9777395468927,"TYROBP;VCAM1;ADORA3;FGL2;NKG7;CCR5"
"Hydroxyurea-59 mg/kg in Saline-Rat-Spleen-3d-up","6/293",0.00197371071063754,0.0464062607327296,0,0,4.94286553881029,30.7833752157178,"VCAM1;PTPRC;ADORA3;FGL2;CD48;CTSS"
"1-Naphthyl Isothiocyanate-30 mg/kg in Corn Oil-Rat-Bone marrow-1d-dn","6/294",0.00200774382717808,0.0464062607327296,0,0,4.92545180722892,30.5907185912669,"GMFG;ADORA3;FGL2;CD37;CD48;LCP2"
"Azathioprine-20 mg/kg in Corn Oil-Rat-Spleen-3d-up","6/294",0.00200774382717808,0.0464062607327296,0,0,4.92545180722892,30.5907185912669,"PTPRC;GMFG;ITGB2;FGL2;CD37;AIF1"
"Manganese (II) Chloride-700 mg/kg in Water-Rat-Liver-5d-up","6/294",0.00200774382717808,0.0464062607327296,0,0,4.92545180722892,30.5907185912669,"TYROBP;ADORA3;SLCO2B1;CCR5;AIF1;CTSS"
"Noscapine-570 mg/kg in CMC-Rat-Bone marrow-3d-dn","6/294",0.00200774382717808,0.0464062607327296,0,0,4.92545180722892,30.5907185912669,"HCK;TYROBP;PTPRC;GMFG;NKG7;CD48"
"Tazobactam-1500 mg/kg in CMC-Rat-Spleen-3d-up","6/294",0.00200774382717808,0.0464062607327296,0,0,4.92545180722892,30.5907185912669,"VCAM1;PTPRC;ITGB2;FGL2;CD48;CTSS"
"Carboplatin-6 mg/kg in Saline-Rat-Bone marrow-1d-up","6/295",0.00204221993025111,0.0464986045313144,0,0,4.9081585859007,30.3997495014716,"TYROBP;GMFG;ADORA3;FGL2;CD37;CD48"
"Gentamicin-267 mg/kg in Corn Oil-Rat-Liver-1d-up","6/295",0.00204221993025111,0.0464986045313144,0,0,4.9081585859007,30.3997495014716,"HCK;TYROBP;ADORA3;SLCO2B1;AIF1;CTSS"
"Hydroxyurea-400 mg/kg in Saline-Rat-Spleen-3d-up","6/295",0.00204221993025111,0.0464986045313144,0,0,4.9081585859007,30.3997495014716,"VCAM1;PTPRC;ITGB2;CD48;AIF1;CTSS"
"Vinblastine-0.08 mg/kg in Saline-Rat-Bone marrow-0.25d-dn","6/295",0.00204221993025111,0.0464986045313144,0,0,4.9081585859007,30.3997495014716,"TYROBP;SLC7A7;FGL2;NKG7;CCR5;AIF1"
"Carmustine-16 mg/kg in Corn Oil-Rat-Bone marrow-3d-up","6/296",0.00207714273020772,0.0469434257026944,0,0,4.89098462816784,30.210448077206,"SLC7A7;VCAM1;ADORA3;FGL2;CCR5;CTSS"
"Etoposide-100 mg/kg in Corn Oil-Rat-Spleen-1d-up","6/296",0.00207714273020772,0.0469434257026944,0,0,4.89098462816784,30.210448077206,"HCK;VCAM1;SLCO2B1;NKG7;AIF1;CTSS"
"33'5-Triiodo-L-Thyronine-0.001 mg/kg in PEG400-Rat-Heart-1d-dn","6/297",0.00211251594705517,0.0472182135858266,0,0,4.87392870450876,30.0227947460551,"TYROBP;GMFG;FGL2;CD48;AIF1;CTSS"
"DActinomycin-0.06 mg/kg in Saline-Rat-Bone marrow-0.25d-dn","6/297",0.00211251594705517,0.0472182135858266,0,0,4.87392870450876,30.0227947460551,"TYROBP;SLC7A7;ADORA3;NKG7;CCR5;AIF1"
"Prochlorperazine-85 mg/kg in CMC-Rat-Heart-1d-up","6/297",0.00211251594705517,0.0472182135858266,0,0,4.87392870450876,30.0227947460551,"TYROBP;SLCO2B1;NKG7;RAPGEF5;AIF1;CTSS"
"Carmustine-16 mg/kg in Corn Oil-Rat-Bone marrow-1d-up","6/298",0.00214834330925694,0.0476697849930395,0,0,4.8569896022446,29.8367702293693,"SLC7A7;VCAM1;ADORA3;NKG7;CCR5;AIF1"
"Lomustine-4.2 mg/kg in Corn Oil-Rat-Spleen-1d-dn","6/298",0.00214834330925694,0.0476697849930395,0,0,4.8569896022446,29.8367702293693,"VCAM1;PTPRC;GMFG;ADORA3;CD37;CD48"
"Promethazine-113 mg/kg in Saline-Rat-Liver-5d-dn","6/299",0.0021846285546416,0.0481249221675921,0,0,4.84016612525186,29.6523555344684,"TYROBP;GMFG;ADORA3;SLCO2B1;AIF1;CTSS"
"Valproic Acid-1500 mg/kg in Water-Rat-Heart-5d-up","6/299",0.0021846285546416,0.0481249221675921,0,0,4.84016612525186,29.6523555344684,"TYROBP;ADORA3;FGL2;RAPGEF5;AIF1;CTSS"
"Cisplatin-2 mg/kg in Saline-Rat-Bone marrow-1d-up","6/300",0.00222137543011219,0.0484101174090877,0,0,4.82345709368085,29.4695319498535,"TYROBP;PTPRC;GMFG;ADORA3;ITGB2;FGL2"
"Harringtonine-23 mg/kg in Saline-Rat-Bone marrow-5d-dn","6/300",0.00222137543011219,0.0484101174090877,0,0,4.82345709368085,29.4695319498535,"HCK;TYROBP;SLC7A7;NKG7;CD37;CCR5"
"Mitotane-5000 mg/kg in Water-Rat-Bone marrow-1d-up","6/300",0.00222137543011219,0.0484101174090877,0,0,4.82345709368085,29.4695319498535,"PTPRC;NKG7;CD37;CD48;LCP2;CTSS"
"Gentamicin-267 mg/kg in Corn Oil-Rat-Liver-5d-up","6/302",0.00229626910186175,0.0494605965114411,0,0,4.79037772712472,29.1085846445598,"HCK;TYROBP;ADORA3;RAPGEF5;AIF1;CTSS"
"Methotrexate-0.3 mg/kg in Corn Oil-Rat-Bone marrow-3d-up","6/302",0.00229626910186175,0.0494605965114411,0,0,4.79037772712472,29.1085846445598,"TYROBP;PTPRC;ALOX5;ITGB2;CD48;CTSS"
"Methyl Methanesulfonate-113 mg/kg in Water-Rat-Bone marrow-1d-up","6/302",0.00229626910186175,0.0494605965114411,0,0,4.79037772712472,29.1085846445598,"HCK;VCAM1;NKG7;CD37;CD48;LCP2"
"Carmustine-16 mg/kg in Corn Oil-Rat-Bone marrow-5d-up","6/303",0.00233442343416831,0.0494605965114411,0,0,4.77400511135451,28.930424865654,"VCAM1;ADORA3;SLCO2B1;FGL2;AIF1;CTSS"
"Cisplatin-1.17 mg/kg in Saline-Rat-Bone marrow-3d-up","6/303",0.00233442343416831,0.0494605965114411,0,0,4.77400511135451,28.930424865654,"TYROBP;VCAM1;ADORA3;FGL2;CD48;AIF1"
"Mitotane-900 mg/kg in Water-Rat-Bone marrow-1d-up","6/303",0.00233442343416831,0.0494605965114411,0,0,4.77400511135451,28.930424865654,"PTPRC;ADORA3;NKG7;CD37;CD48;LCP2"
"NN-Dimethylformamide-140 mg/kg in Saline-Rat-Bone marrow-0.25d-up","6/303",0.00233442343416831,0.0494605965114411,0,0,4.77400511135451,28.930424865654,"TYROBP;SLC7A7;VCAM1;IL10RA;NKG7;CTSS"
"Sodium Arsenite-10 mg/kg in Saline-Rat-Bone marrow-3d-dn","6/303",0.00233442343416831,0.0494605965114411,0,0,4.77400511135451,28.930424865654,"HCK;TYROBP;SLC7A7;GMFG;NKG7;CD37"
"Carbon Tetrachloride-400 mg/kg in Corn Oil-Rat-Bone marrow-0.25d-dn","6/304",0.00237305446918745,0.0495903368869241,0,0,4.75774237891162,28.7537840691324,"HCK;TYROBP;FGL2;NKG7;CD48;AIF1"
"Lomustine-4.2 mg/kg in Corn Oil-Rat-Spleen-0.25d-up","6/304",0.00237305446918745,0.0495903368869241,0,0,4.75774237891162,28.7537840691324,"HCK;TYROBP;PTPRC;GMFG;CD37;AIF1"
"N-Nitrosodiethylamine-34 mg/kg in Saline-Rat-Spleen-5d-dn","6/304",0.00237305446918745,0.0495903368869241,0,0,4.75774237891162,28.7537840691324,"HCK;VCAM1;PTPRC;ADORA3;CD48;CTSS"
"Penciclovir-1200 mg/kg in Corn Oil-Rat-Bone marrow-3d-up","6/304",0.00237305446918745,0.0495903368869241,0,0,4.75774237891162,28.7537840691324,"TYROBP;GMFG;ADORA3;NKG7;CD37;AIF1"
"Norepinephrine-1.75 mg/kg in Saline-Rat-Heart-3d-up","6/305",0.00241216599573779,0.0502356208395631,0,0,4.74158842728775,28.5786448781407,"TYROBP;GMFG;ADORA3;FGL2;RAPGEF5;CTSS"
"Chlorambucil-4.5 mg/kg in Corn Oil-Rat-Bone marrow-3d-up","6/306",0.00245176181066655,0.0508865665601608,0,0,4.7255421686747,28.4049901684741,"TYROBP;SLC7A7;ADORA3;ALOX5;ITGB2;CCR5"
"Melphalan-12 mg/kg in CMC-Rat-Bone marrow-5d-dn","6/307",0.00249184571863724,0.0515431951699134,0,0,4.70960252972021,28.2328030642374,"HCK;FGL2;NKG7;CD37;CD48;CTSS"
"Diethylstilbestrol-2.8 mg/kg in Corn Oil-Rat-Bone marrow-0.25d-up","6/308",0.00253242153178376,0.0518551549897467,0,0,4.6937684512886,28.0620669338298,"HCK;TYROBP;SLC7A7;VCAM1;FGL2;CTSS"
"Leflunomide-60 mg/kg in Corn Oil-Rat-Bone marrow-1d-up","6/308",0.00253242153178376,0.0518551549897467,0,0,4.6937684512886,28.0620669338298,"SLC7A7;VCAM1;ITGB2;CCR5;AIF1;CTSS"
"Mitomycin C-0.5 mg/kg in Saline-Rat-Spleen-1d-up","6/308",0.00253242153178376,0.0518551549897467,0,0,4.6937684512886,28.0620669338298,"HCK;VCAM1;ADORA3;CD37;AIF1;CTSS"
"Thioguanine-12 mg/kg in Corn Oil-Rat-Bone marrow-1d-up","6/309",0.00257349307081341,0.052519915445162,0,0,4.67803888822617,27.8927653833451,"SLC7A7;VCAM1;ADORA3;NKG7;CCR5;CTSS"
"Famciclovir-1200 mg/kg in Saline-Rat-Bone marrow-3d-up","6/310",0.00261506416282802,0.053013692762713,0,0,4.66241280913126,27.7248822561743,"TYROBP;ADORA3;FGL2;CD37;CD48;LCP2"
"Procarbazine-54 mg/kg in Water-Rat-Bone marrow-3d-up","6/310",0.00261506416282802,0.053013692762713,0,0,4.66241280913126,27.7248822561743,"TYROBP;VCAM1;ITGB2;NKG7;AIF1;CTSS"
"Flurbiprofen-10 mg/kg in CMC-Rat-Kidney-3d-up","6/311",0.00265713864210223,0.0533350657700915,0,0,4.64688919612878,27.5584016270958,"TYROBP;GMFG;ADORA3;FGL2;AIF1;CTSS"
"Ifosfamide-143 mg/kg in Saline-Rat-Bone marrow-3d-up","6/311",0.00265713864210223,0.0533350657700915,0,0,4.64688919612878,27.5584016270958,"TYROBP;VCAM1;SLCO2B1;FGL2;AIF1;CTSS"
"Indomethacin-10 mg/kg in Corn Oil-Rat-Liver-3d-up","6/311",0.00265713864210223,0.0533350657700915,0,0,4.64688919612878,27.5584016270958,"HCK;TYROBP;GMFG;ADORA3;AIF1;CTSS"
"Cytarabine-23 mg/kg in Saline-Rat-Bone marrow-0.25d-dn","5/215",0.0027373681262725,0.0541639021589051,0,0,5.58418367346939,32.9509184841165,"TYROBP;SLC7A7;ADORA3;FGL2;AIF1"
"Acyclovir-980 mg/kg in Saline-Rat-Spleen-5d-up","6/313",0.00274281313784033,0.0541639021589051,0,0,4.61614536321181,27.2295852894977,"TYROBP;ITGB2;NKG7;CD37;AIF1;CTSS"
"Coumarin-111 mg/kg in Corn Oil-Rat-Bone marrow-1d-up","6/313",0.00274281313784033,0.0541639021589051,0,0,4.61614536321181,27.2295852894977,"HCK;VCAM1;ADORA3;CD37;CD48;CTSS"
"Leucovorin-1500 mg/kg in CMC-Rat-Bone marrow-5d-dn","6/313",0.00274281313784033,0.0541639021589051,0,0,4.61614536321181,27.2295852894977,"TYROBP;SLC7A7;GMFG;ADORA3;NKG7;CD37"
"N-Nitrosodiethylamine-34 mg/kg in Saline-Rat-Bone marrow-3d-up","6/313",0.00274281313784033,0.0541639021589051,0,0,4.61614536321181,27.2295852894977,"TYROBP;VCAM1;ADORA3;SLCO2B1;FGL2;CD37"
"Amoxicillin-1100 mg/kg in Water-Rat-Liver-1d-up","6/314",0.00278642085868637,0.0546711899668947,0,0,4.60092317321233,27.0672188495928,"TYROBP;GMFG;ADORA3;SLCO2B1;AIF1;CTSS"
"Cytarabine-23 mg/kg in Saline-Rat-Spleen-1d-up","6/314",0.00278642085868637,0.0546711899668947,0,0,4.60092317321233,27.0672188495928,"HCK;VCAM1;PTPRC;ITGB2;CD48;CTSS"
"Chlorambucil-4.5 mg/kg in Corn Oil-Rat-Bone marrow-1d-up","6/315",0.00283054737554047,0.0553589746331664,0,0,4.58579950871447,26.9061934368259,"TYROBP;SLC7A7;VCAM1;ADORA3;CCR5;CTSS"
"Bithionol-333 mg/kg in Corn Oil-Rat-Bone marrow-1d-up","6/316",0.00287519655771167,0.0560525539781362,0,0,4.57077341624563,26.7464942219913,"VCAM1;ITGB2;NKG7;CD48;AIF1;CTSS"
"Ethylene Glycol-3525 mg/kg in Water-Rat-Bone marrow-5d-up","6/317",0.00292037227986425,0.0565717830213704,0,0,4.55584395459652,26.5881065858435,"HCK;SLC7A7;NKG7;CD48;AIF1;CTSS"
"Famciclovir-1200 mg/kg in Saline-Rat-Spleen-1d-up","6/317",0.00292037227986425,0.0565717830213704,0,0,4.55584395459652,26.5881065858435,"SLC7A7;VCAM1;ITGB2;FGL2;CD37;CTSS"
"Cisplatin-1.17 mg/kg in Saline-Rat-Bone marrow-0.25d-dn","6/318",0.00296607842350791,0.0570946704739599,0,0,4.54101019462465,26.4310161128752,"SLC7A7;ADORA3;FGL2;NKG7;CCR5;AIF1"
"Valproic Acid-850 mg/kg in Water-Rat-Bone marrow-1d-dn","6/318",0.00296607842350791,0.0570946704739599,0,0,4.54101019462465,26.4310161128752,"HCK;TYROBP;FGL2;CD48;CCR5;CTSS"
"Valproic Acid-850 mg/kg in Water-Rat-Bone marrow-5d-up","6/319",0.00301231887703817,0.0578024207159965,0,0,4.52627121906155,26.2752085876354,"HCK;TYROBP;FGL2;NKG7;AIF1;CTSS"
"Busulfan-3 mg/kg in Corn Oil-Rat-Bone marrow-1d-up","6/320",0.00305909753275439,0.0585160286672956,0,0,4.51162612232369,26.1206699955996,"TYROBP;SLC7A7;ITGB2;NKG7;CCR5;CTSS"
"Diflunisal-207 mg/kg in Corn Oil-Rat-Kidney-1d-up","6/321",0.00310641829087051,0.0588675913381735,0,0,4.49707401032702,25.9673865135164,"TYROBP;ADORA3;FGL2;RAPGEF5;AIF1;CTSS"
"Mycophenolate Mofetil-63 mg/kg in CMC-Rat-Bone marrow-3d-up","6/321",0.00310641829087051,0.0588675913381735,0,0,4.49707401032702,25.9673865135164,"TYROBP;GMFG;FGL2;NKG7;LCP2;AIF1"
"Tegafur-175 mg/kg in Water-Rat-Bone marrow-3d-up","6/321",0.00310641829087051,0.0588675913381735,0,0,4.49707401032702,25.9673865135164,"TYROBP;GMFG;ADORA3;CD37;AIF1;CTSS"
"Mitomycin C-1.7 mg/kg in Saline-Rat-Bone marrow-3d-up","6/322",0.0031542850555378,0.059589620460965,0,0,4.48261400030502,25.8153445118536,"SLC7A7;VCAM1;ADORA3;IL10RA;FGL2;CCR5"
"Bisphenol A-100 mg/kg in Corn Oil-Rat-Spleen-3d-dn","6/323",0.00320270173839727,0.0601319569467698,0,0,4.46824522063015,25.6645305461892,"TYROBP;SLC7A7;VCAM1;CD48;AIF1;CTSS"
"Cyclosporin A-350 mg/kg in Corn Oil-Rat-Bone marrow-1d-up","6/323",0.00320270173839727,0.0601319569467698,0,0,4.46824522063015,25.6645305461892,"HCK;TYROBP;SLC7A7;VCAM1;AIF1;CTSS"
"Methotrexate-0.3 mg/kg in Corn Oil-Rat-Bone marrow-0.25d-up","6/324",0.003251672254371,0.0608641229943921,0,0,4.45396681063878,25.5149313598757,"TYROBP;SLC7A7;VCAM1;ADORA3;CCR5;CTSS"
"Cyclosporin A-70 mg/kg in Corn Oil-Rat-Spleen-1d-up","6/325",0.00330120052513782,0.0616022189736728,0,0,4.43977792045927,25.3665338758094,"HCK;TYROBP;VCAM1;ITGB2;AIF1;CTSS"
"Cisplatin-2 mg/kg in Saline-Rat-Bone marrow-3d-up","6/326",0.00335129047592187,0.0621567613497728,0,0,4.42567771084337,25.2193251976383,"CCR1;TYROBP;ADORA3;FGL2;CD48;LCP2"
"Cytarabine-487 mg/kg in Saline-Rat-Bone marrow-1d-up","6/326",0.00335129047592187,0.0621567613497728,0,0,4.42567771084337,25.2193251976383,"TYROBP;VCAM1;ITGB2;FGL2;CD48;CTSS"
"Lead(IV) Acetate-600 mg/kg in Saline-Rat-Bone marrow-3d-up","6/328",0.00345317114747189,0.0636593665917628,0,0,4.39774002843673,24.9284235429356,"CCR1;TYROBP;GMFG;FGL2;CD37;LCP2"
"Penicillamine-100 mg/kg in Water-Rat-Bone marrow-3d-up","6/328",0.00345317114747189,0.0636593665917628,0,0,4.39774002843673,24.9284235429356,"SLC7A7;NKG7;CD37;CCR5;AIF1;CTSS"
"Cytarabine-487 mg/kg in Saline-Rat-Spleen-3d-up","6/331",0.0036103031843165,0.0663556326225882,0,0,4.35647822057461,24.5006746125329,"VCAM1;PTPRC;ADORA3;FGL2;CD48;CTSS"
"Foscarnet-350 mg/kg in Saline-Rat-Bone marrow-1d-up","6/332",0.00366384592925106,0.0671375010819518,0,0,4.34289304457092,24.3603375586981,"HCK;TYROBP;GMFG;ADORA3;CD37;CTSS"
"Etoposide-100 mg/kg in Corn Oil-Rat-Spleen-3d-dn","6/334",0.0037727032558354,0.0685149859140108,0,0,4.31597120188069,24.0829617324887,"HCK;TYROBP;SLC7A7;CD48;AIF1;CTSS"
"Sulindac-132 mg/kg in Corn Oil-Rat-Heart-3d-up","6/334",0.0037727032558354,0.0685149859140108,0,0,4.31597120188069,24.0829617324887,"HCK;TYROBP;VCAM1;GMFG;FGL2;CTSS"
"Valproic Acid-235 mg/kg in Water-Rat-Bone marrow-3d-up","6/334",0.0037727032558354,0.0685149859140108,0,0,4.31597120188069,24.0829617324887,"SLC7A7;VCAM1;NKG7;CCR5;AIF1;CTSS"
"Azathioprine-20 mg/kg in Corn Oil-Rat-Spleen-0.25d-up","6/335",0.00382802576352134,0.0691083231035716,0,0,4.30263302449921,23.9458999736098,"HCK;TYROBP;PTPRC;CD37;AIF1;CTSS"
"Phenylhydrazine-78 mg/kg in Water-Rat-Liver-3d-up","6/335",0.00382802576352134,0.0691083231035716,0,0,4.30263302449921,23.9458999736098,"HCK;TYROBP;GMFG;ADORA3;RAPGEF5;CTSS"
"Etoposide-188 mg/kg in Corn Oil-Rat-Spleen-3d-dn","6/341",0.00417272483495725,0.0751090470292305,0,0,4.22427620931487,23.1455951461734,"HCK;TYROBP;SLC7A7;CD48;AIF1;CTSS"
"Lomustine-8.75 mg/kg in Corn Oil-Rat-Spleen-3d-dn","6/344",0.00435345895291876,0.0781317839138538,0,0,4.18614101375918,22.7591469479079,"TYROBP;SLC7A7;CD48;CCR5;AIF1;CTSS"
"Altretamine-40 mg/kg in Corn Oil-Rat-Spleen-3d-up","5/246",0.00485184821525157,0.0867793511179075,0,0,4.8582295988935,25.8865690791702,"PTPRC;GMFG;ADORA3;CD37;LCP2"
"Ethanol-6000 mg/kg in Saline-Rat-Bone marrow-1d-up","6/352",0.00486373944318656,0.0867793511179075,0,0,4.08768020057107,21.770770979641,"HCK;TYROBP;VCAM1;ADORA3;FGL2;CD48"
"Lead (II) Acetate-200 mg/kg in Saline-Rat-Bone marrow-3d-up","6/355",0.00506602377705437,0.0901250060862559,0,0,4.05192115165533,21.4152097563964,"CCR1;ADORA3;ITGB2;FGL2;CD48;LCP2"
"Camptothecin-2.5 mg/kg in Saline-Rat-Bone marrow-3d-dn","5/251",0.00527799648844696,0.0936230656177423,0,0,4.75827526132404,24.9533885520273,"HCK;TYROBP;GMFG;ADORA3;CD37"
"Busulfan-9 mg/kg in Corn Oil-Rat-Spleen-3d-up","5/252",0.00536630835449938,0.0949136625482759,0,0,4.7387700019279,24.7724654475311,"TYROBP;GMFG;FGL2;CD37;LCP2"
"NN-Dimethylformamide-140 mg/kg in Saline-Rat-Spleen-3d-up","5/255",0.00563752618724145,0.0994224994062062,0,0,4.68119047619048,24.2406551222905,"SLC7A7;VCAM1;PTPRC;ADORA3;FGL2"
"Pentamidine-18 mg/kg in Saline-Rat-Bone marrow-1d-up","5/263",0.00640798627540175,0.112684530987036,0,0,4.53419158361019,22.898620634222,"HCK;TYROBP;VCAM1;FGL2;NKG7"
"Meloxicam-33 mg/kg in Corn Oil-Rat-Kidney-3d-up","5/265",0.00661161074840443,0.115931174674609,0,0,4.49885531135531,22.5794307606938,"TYROBP;CCR5;RAPGEF5;AIF1;CTSS"
"Leflunomide-60 mg/kg in Corn Oil-Rat-Spleen-3d-up","5/267",0.00681974126572597,0.11923799771765,0,0,4.46405852417303,22.266428154267,"VCAM1;PTPRC;GMFG;ADORA3;RAPGEF5"
"Doxorubicin-0.65 mg/kg in Saline-Rat-Bone marrow-3d-up","6/379",0.00691405009434107,0.120198101640083,0,0,3.78655641332084,18.8350877454879,"TYROBP;SLC7A7;ADORA3;ITGB2;FGL2;CD48"
"Rofecoxib-775 mg/kg in Corn Oil-Rat-Heart-3d-up","6/379",0.00691405009434107,0.120198101640083,0,0,3.78655641332084,18.8350877454879,"TYROBP;FGL2;CD48;RAPGEF5;AIF1;CTSS"
"Diethylstilbestrol-2.8 mg/kg in Corn Oil-Rat-Spleen-1d-dn","5/271",0.00724972295488572,0.125675595087252,0,0,4.39603472968135,21.6583488432668,"GMFG;ADORA3;CD37;CCR5;AIF1"
"1-Naphthyl Isothiocyanate-60 mg/kg in Corn Oil-Rat-Bone marrow-1d-dn","5/272",0.00736011354324955,0.127227798416172,0,0,4.37934724451578,21.5099519204792,"GMFG;ADORA3;FGL2;CD48;LCP2"
"Calcitriol-0.04 mg/kg in CMC-Rat-Heart-3d-up","5/276",0.00781344383993329,0.133925939076609,0,0,4.31382885257424,20.9303070173545,"TYROBP;ADORA3;FGL2;AIF1;CTSS"
"Lipopolysaccharide E. Coli O55:B5-1.25 mg/kg in Saline-Rat-Liver-3d-up","5/276",0.00781344383993329,0.133925939076609,0,0,4.31382885257424,20.9303070173545,"HCK;TYROBP;GMFG;ADORA3;AIF1"
"Penicillamine-852 mg/kg in Water-Rat-Bone marrow-5d-dn","5/276",0.00781344383993329,0.133925939076609,0,0,4.31382885257424,20.9303070173545,"GMFG;ADORA3;FGL2;CD37;CCR5"
"Ifosfamide-143 mg/kg in Saline-Rat-Spleen-5d-up","5/277",0.00792974938359308,0.13516014172817,0,0,4.29775035014006,20.7887936864107,"TYROBP;VCAM1;SLCO2B1;ITGB2;AIF1"
"Miconazole-200 mg/kg in Corn Oil-Rat-Liver-0.25d-up","5/277",0.00792974938359308,0.13516014172817,0,0,4.29775035014006,20.7887936864107,"TYROBP;ADORA3;CCR5;AIF1;CTSS"
"Mitomycin C-1.7 mg/kg in Saline-Rat-Bone marrow-3d-dn","5/278",0.0080472564433866,0.136400996715403,0,0,4.2817896389325,20.648605375196,"HCK;TYROBP;GMFG;NKG7;CD37"
"Naproxen-134 mg/kg in Corn Oil-Rat-Kidney-3d-up","5/278",0.0080472564433866,0.136400996715403,0,0,4.2817896389325,20.648605375196,"TYROBP;FGL2;CCR5;RAPGEF5;CTSS"
"Levofloxacin-739 mg/kg in Water-Rat-Heart-1d-up","5/279",0.0081659711473677,0.138029794851074,0,0,4.2659454292666,20.5097254921077,"TYROBP;EMCN;ADORA3;SLCO2B1;FGL2"
"Busulfan-3 mg/kg in Corn Oil-Rat-Bone marrow-1d-dn","5/280",0.00828589960736056,0.139670053602525,0,0,4.25021645021645,20.3721377073648,"GMFG;ADORA3;FGL2;CD37;LCP2"
"Chlorambucil-0.6 mg/kg in Corn Oil-Rat-Bone marrow-3d-dn","5/282",0.00852942213035284,0.141430798476666,0,0,4.21909919202338,20.1007744080287,"HCK;GMFG;FGL2;NKG7;CD37"
"Hydroxyurea-59 mg/kg in Saline-Rat-Spleen-0.25d-up","5/282",0.00852942213035284,0.141430798476666,0,0,4.21909919202338,20.1007744080287,"GMFG;ADORA3;FGL2;NKG7;LCP2"
"Lomustine-4.2 mg/kg in Corn Oil-Rat-Bone marrow-3d-dn","5/282",0.00852942213035284,0.141430798476666,0,0,4.21909919202338,20.1007744080287,"HCK;TYROBP;GMFG;ADORA3;CD37"
"Naproxen-10 mg/kg in Corn Oil-Rat-Liver-1d-dn","5/282",0.00852942213035284,0.141430798476666,0,0,4.21909919202338,20.1007744080287,"TYROBP;GMFG;ADORA3;SLCO2B1;AIF1"
"Rofecoxib-775 mg/kg in Corn Oil-Rat-Liver-5d-up","5/282",0.00852942213035284,0.141430798476666,0,0,4.21909919202338,20.1007744080287,"HCK;TYROBP;SLC7A7;AIF1;CTSS"
"Tocainide-224 mg/kg in Corn Oil-Rat-Liver-5d-dn","5/282",0.00852942213035284,0.141430798476666,0,0,4.21909919202338,20.1007744080287,"TYROBP;ADORA3;SLCO2B1;AIF1;CTSS"
"Chlorambucil-4.5 mg/kg in Corn Oil-Rat-Spleen-1d-dn","5/283",0.00865302831279159,0.142704807472039,0,0,4.20370846180199,19.9669675086184,"TYROBP;GMFG;ADORA3;CD37;LCP2"
"Coumarin-111 mg/kg in Corn Oil-Rat-Bone marrow-5d-up","5/283",0.00865302831279159,0.142704807472039,0,0,4.20370846180199,19.9669675086184,"PTPRC;GMFG;CD37;CD48;CTSS"
"Altretamine-13 mg/kg in Corn Oil-Rat-Liver-1d-dn","5/284",0.00877787248604117,0.142833541092862,0,0,4.1884280593958,19.8343899300918,"TYROBP;ADORA3;SLCO2B1;AIF1;CTSS"
"Bithionol-333 mg/kg in Corn Oil-Rat-Bone marrow-1d-dn","5/284",0.00877787248604117,0.142833541092862,0,0,4.1884280593958,19.8343899300918,"TYROBP;GMFG;ADORA3;CD37;LCP2"
"Catechol-40 mg/kg in Saline-Rat-Bone marrow-3d-up","5/284",0.00877787248604117,0.142833541092862,0,0,4.1884280593958,19.8343899300918,"ADORA3;FGL2;CD48;CCR5;CTSS"
"Doxapram-2 mg/kg in Saline-Rat-Liver-3d-up","5/284",0.00877787248604117,0.142833541092862,0,0,4.1884280593958,19.8343899300918,"HCK;TYROBP;GMFG;AIF1;CTSS"
"Irinotecan-5 mg/kg in Saline-Rat-Bone marrow-3d-up","5/284",0.00877787248604117,0.142833541092862,0,0,4.1884280593958,19.8343899300918,"SLC7A7;VCAM1;ADORA3;FGL2;LCP2"
"Altretamine-40 mg/kg in Corn Oil-Rat-Bone marrow-3d-up","5/286",0.00903129881002713,0.145790966504724,0,0,4.15819352652093,19.5728626333035,"HCK;TYROBP;ITGB2;NKG7;CTSS"
"Ampiroxicam-94 mg/kg in CMC-Rat-Kidney-3d-up","5/286",0.00903129881002713,0.145790966504724,0,0,4.15819352652093,19.5728626333035,"TYROBP;GMFG;ADORA3;AIF1;CTSS"
"Anastrozole-400 mg/kg in CMC-Rat-Liver-5d-dn","5/286",0.00903129881002713,0.145790966504724,0,0,4.15819352652093,19.5728626333035,"TYROBP;GMFG;ADORA3;SLCO2B1;AIF1"
"Bisphenol A-610 mg/kg in Corn Oil-Rat-Bone marrow-1d-dn","5/287",0.00915989291059816,0.146702536851627,0,0,4.14323708206687,19.4438834459122,"GMFG;ADORA3;FGL2;CD37;LCP2"
"Daunorubicin-3.25 mg/kg in Saline-Rat-Kidney-5d-dn","5/287",0.00915989291059816,0.146702536851627,0,0,4.14323708206687,19.4438834459122,"TYROBP;GMFG;ADORA3;AIF1;CTSS"
"Procarbazine-54 mg/kg in Water-Rat-Bone marrow-5d-dn","5/287",0.00915989291059816,0.146702536851627,0,0,4.14323708206687,19.4438834459122,"HCK;GMFG;ADORA3;CD37;CCR5"
"5-Fluoro-2'-Deoxyuridine-54 mg/kg in Saline-Rat-Bone marrow-3d-dn","5/288",0.00928974889781192,0.146855046047794,0,0,4.1283863368669,19.3160746338653,"HCK;TYROBP;GMFG;NKG7;CD37"
"Altretamine-40 mg/kg in Corn Oil-Rat-Spleen-1d-dn","5/288",0.00928974889781192,0.146855046047794,0,0,4.1283863368669,19.3160746338653,"VCAM1;ADORA3;ITGB2;AIF1;CTSS"
"Amitraz-75 mg/kg in CMC-Rat-Liver-3d-dn","5/288",0.00928974889781192,0.146855046047794,0,0,4.1283863368669,19.3160746338653,"TYROBP;ADORA3;SLCO2B1;AIF1;CTSS"
"Bithionol-59 mg/kg in Corn Oil-Rat-Bone marrow-3d-dn","5/288",0.00928974889781192,0.146855046047794,0,0,4.1283863368669,19.3160746338653,"HCK;SLC7A7;NKG7;CD37;CD48"
"Cytarabine-487 mg/kg in Saline-Rat-Bone marrow-3d-up","5/288",0.00928974889781192,0.146855046047794,0,0,4.1283863368669,19.3160746338653,"TYROBP;VCAM1;ADORA3;FGL2;CD48"
"Betamethasone-79 mg/kg in Corn Oil-Rat-Bone marrow-1d-dn","5/289",0.00942087269172547,0.147400423499766,0,0,4.11364017437961,19.1894220254935,"HCK;GMFG;FGL2;NKG7;CD37"
"Doxorubicin-0.65 mg/kg in Saline-Rat-Spleen-0.25d-up","5/289",0.00942087269172547,0.147400423499766,0,0,4.11364017437961,19.1894220254935,"HCK;SLC7A7;PTPRC;ITGB2;CD48"
"Leflunomide-30 mg/kg in Corn Oil-Rat-Bone marrow-1d-dn","5/289",0.00942087269172547,0.147400423499766,0,0,4.11364017437961,19.1894220254935,"TYROBP;GMFG;ADORA3;FGL2;LCP2"
"Nitrendipine-1100 mg/kg in Corn Oil-Rat-Heart-3d-up","5/289",0.00942087269172547,0.147400423499766,0,0,4.11364017437961,19.1894220254935,"TYROBP;ADORA3;FGL2;CD48;CTSS"
"Catechol-195 mg/kg in Saline-Rat-Bone marrow-5d-up","5/290",0.00955327018946096,0.147954453543378,0,0,4.09899749373434,19.0639116669692,"GMFG;ADORA3;FGL2;NKG7;CCR5"
"Ethylene Glycol-352 mg/kg in Water-Rat-Bone marrow-1d-up","5/290",0.00955327018946096,0.147954453543378,0,0,4.09899749373434,19.0639116669692,"SLC7A7;PTPRC;NKG7;CD37;CD48"
"Indomethacin-5 mg/kg in Corn Oil-Rat-Liver-3d-up","5/290",0.00955327018946096,0.147954453543378,0,0,4.09899749373434,19.0639116669692,"HCK;TYROBP;GMFG;AIF1;CTSS"
"Streptozotocin-138 mg/kg in Saline-Rat-Liver-5d-up","5/290",0.00955327018946096,0.147954453543378,0,0,4.09899749373434,19.0639116669692,"HCK;TYROBP;ADORA3;SLCO2B1;AIF1"
"Pramoxine-526 mg/kg in Corn Oil-Rat-Heart-5d-up","5/291",0.00968694726407921,0.149267051023766,0,0,4.08445720945721,18.9395298185938,"TYROBP;ADORA3;FGL2;RAPGEF5;CTSS"
"Thioguanine-12 mg/kg in Corn Oil-Rat-Bone marrow-1d-dn","5/291",0.00968694726407921,0.149267051023766,0,0,4.08445720945721,18.9395298185938,"TYROBP;GMFG;FGL2;CD37;LCP2"
"Azathioprine-20 mg/kg in Corn Oil-Rat-Bone marrow-1d-dn","5/292",0.00982190976621094,0.149459584522242,0,0,4.07001825120292,18.8162629499951,"GMFG;ADORA3;FGL2;CD37;CD48"
"Cholecalciferol-8 mg/kg in CMC-Rat-Heart-5d-up","5/292",0.00982190976621094,0.149459584522242,0,0,4.07001825120292,18.8162629499951,"TYROBP;GMFG;ADORA3;AIF1;CTSS"
"Ethylene Glycol-3525 mg/kg in Water-Rat-Bone marrow-1d-up","5/292",0.00982190976621094,0.149459584522242,0,0,4.07001825120292,18.8162629499951,"SLC7A7;ADORA3;IL10RA;NKG7;CCR5"
"Ethylene Glycol-352 mg/kg in Water-Rat-Bone marrow-3d-up","5/292",0.00982190976621094,0.149459584522242,0,0,4.07001825120292,18.8162629499951,"SLC7A7;VCAM1;ADORA3;NKG7;CCR5"
"Pralidoxime Chloride-48 mg/kg in Saline-Rat-Heart-5d-up","5/292",0.00982190976621094,0.149459584522242,0,0,4.07001825120292,18.8162629499951,"TYROBP;FGL2;NKG7;AIF1;CTSS"
"Foscarnet-350 mg/kg in Saline-Rat-Bone marrow-5d-up","5/293",0.00995816352445914,0.149763390702252,0,0,4.05567956349206,18.694097735997,"CCR1;HCK;TYROBP;GMFG;CD37"
"Hydrocortisone-56 mg/kg in Corn Oil-Rat-Bone marrow-3d-up","5/293",0.00995816352445914,0.149763390702252,0,0,4.05567956349206,18.694097735997,"CCR1;TYROBP;SLC7A7;ADORA3;CTSS"
"Idarubicin-4 mg/kg in Saline-Rat-Heart-28d-up","5/293",0.00995816352445914,0.149763390702252,0,0,4.05567956349206,18.694097735997,"TYROBP;ADORA3;CD48;AIF1;CTSS"
"Carmustine-4 mg/kg in Corn Oil-Rat-Spleen-1d-dn","5/294",0.0100957143415106,0.149763390702252,0,0,4.04144010545395,18.5730210543186,"PTPRC;GMFG;ADORA3;CD37;CD48"
"Catechol-40 mg/kg in Saline-Rat-Bone marrow-0.25d-up","5/294",0.0100957143415106,0.149763390702252,0,0,4.04144010545395,18.5730210543186,"SLC7A7;VCAM1;ADORA3;NKG7;CCR5"
"Cholecalciferol-8 mg/kg in CMC-Rat-Liver-3d-up","5/294",0.0100957143415106,0.149763390702252,0,0,4.04144010545395,18.5730210543186,"HCK;TYROBP;GMFG;AIF1;CTSS"
"Methotrexate-0.3 mg/kg in Corn Oil-Rat-Bone marrow-1d-dn","5/294",0.0100957143415106,0.149763390702252,0,0,4.04144010545395,18.5730210543186,"TYROBP;GMFG;FGL2;CD37;LCP2"
"Benzethonium Chloride-30 mg/kg in Corn Oil-Rat-Heart-5d-up","5/295",0.0102345679978432,0.149763390702252,0,0,4.02729885057471,18.4530199802166,"TYROBP;GMFG;FGL2;AIF1;CTSS"
"Daunorubicin-3.25 mg/kg in Saline-Rat-Bone marrow-0.25d-dn","5/295",0.0102345679978432,0.149763390702252,0,0,4.02729885057471,18.4530199802166,"TYROBP;SLC7A7;ADORA3;FGL2;CCR5"
"Famciclovir-112 mg/kg in Saline-Rat-Bone marrow-3d-up","5/295",0.0102345679978432,0.149763390702252,0,0,4.02729885057471,18.4530199802166,"TYROBP;ADORA3;FGL2;CD37;LCP2"
"Foscarnet-350 mg/kg in Saline-Rat-Bone marrow-3d-up","5/295",0.0102345679978432,0.149763390702252,0,0,4.02729885057471,18.4530199802166,"HCK;TYROBP;GMFG;ADORA3;FGL2"
"Lomustine-8.75 mg/kg in Corn Oil-Rat-Bone marrow-3d-dn","5/295",0.0102345679978432,0.149763390702252,0,0,4.02729885057471,18.4530199802166,"HCK;TYROBP;GMFG;NKG7;CD37"
"Manganese (II) Chloride-700 mg/kg in Water-Rat-Liver-1d-up","5/295",0.0102345679978432,0.149763390702252,0,0,4.02729885057471,18.4530199802166,"HCK;TYROBP;ADORA3;SLCO2B1;AIF1"
"Melphalan-12 mg/kg in CMC-Rat-Spleen-3d-dn","5/295",0.0102345679978432,0.149763390702252,0,0,4.02729885057471,18.4530199802166,"TYROBP;GMFG;NKG7;CD37;AIF1"
"N-Nitrosodimethylamine-10 mg/kg in Saline-Rat-Liver-5d-up","5/295",0.0102345679978432,0.149763390702252,0,0,4.02729885057471,18.4530199802166,"HCK;TYROBP;GMFG;AIF1;CTSS"
"Ramipril-1500 mg/kg in CMC-Rat-Kidney-1d-up","5/295",0.0102345679978432,0.149763390702252,0,0,4.02729885057471,18.4530199802166,"TYROBP;GMFG;ADORA3;AIF1;CTSS"
"Bleomycin A2-12 mg/kg in Saline-Rat-Bone marrow-3d-dn","5/296",0.0103747302505866,0.150119620694682,0,0,4.01325478645066,18.3340817832476,"HCK;TYROBP;GMFG;CD37;CTSS"
"Celecoxib-400 mg/kg in Corn Oil-Rat-Liver-5d-up","5/296",0.0103747302505866,0.150119620694682,0,0,4.01325478645066,18.3340817832476,"HCK;TYROBP;ADORA3;AIF1;CTSS"
"Daunorubicin-3.25 mg/kg in Saline-Rat-Bone marrow-1d-up","5/296",0.0103747302505866,0.150119620694682,0,0,4.01325478645066,18.3340817832476,"VCAM1;ADORA3;SLCO2B1;ITGB2;FGL2"
"NN-Dimethylformamide-1400 mg/kg in Saline-Rat-Liver-5d-dn","5/296",0.0103747302505866,0.150119620694682,0,0,4.01325478645066,18.3340817832476,"TYROBP;ADORA3;SLCO2B1;AIF1;CTSS"
"Artemisinin-2000 mg/kg in CMC-Rat-Liver-5d-dn","5/297",0.0105162068299486,0.150119620694682,0,0,3.99930691454664,18.216193924997,"TYROBP;ADORA3;SLCO2B1;AIF1;CTSS"
"Carbon Tetrachloride-400 mg/kg in Corn Oil-Rat-Bone marrow-1d-dn","5/297",0.0105162068299486,0.150119620694682,0,0,3.99930691454664,18.216193924997,"HCK;GMFG;FGL2;CD37;CD48"
"Carmustine-16 mg/kg in Corn Oil-Rat-Spleen-1d-dn","5/297",0.0105162068299486,0.150119620694682,0,0,3.99930691454664,18.216193924997,"PTPRC;GMFG;ADORA3;CD37;CD48"
"NN-Dimethylformamide-140 mg/kg in Saline-Rat-Bone marrow-0.25d-dn","5/297",0.0105162068299486,0.150119620694682,0,0,3.99930691454664,18.216193924997,"GMFG;ADORA3;FGL2;CD37;CD48"
"Altretamine-13 mg/kg in Corn Oil-Rat-Bone marrow-1d-dn","5/298",0.0106590034431611,0.150119620694682,0,0,3.98545424995937,18.099344053945,"GMFG;ADORA3;FGL2;CD37;LCP2"
"Carmustine-4 mg/kg in Corn Oil-Rat-Bone marrow-0.25d-up","5/298",0.0106590034431611,0.150119620694682,0,0,3.98545424995937,18.099344053945,"HCK;TYROBP;SLC7A7;ADORA3;CCR5"
"Carmustine-4 mg/kg in Corn Oil-Rat-Bone marrow-3d-dn","5/298",0.0106590034431611,0.150119620694682,0,0,3.98545424995937,18.099344053945,"HCK;TYROBP;GMFG;FGL2;CD37"
"Etodolac-24 mg/kg in CMC-Rat-Liver-5d-up","5/298",0.0106590034431611,0.150119620694682,0,0,3.98545424995937,18.099344053945,"HCK;TYROBP;GMFG;AIF1;CTSS"
"Lead(IV) Acetate-200 mg/kg in Saline-Rat-Bone marrow-0.25d-dn","5/298",0.0106590034431611,0.150119620694682,0,0,3.98545424995937,18.099344053945,"TYROBP;SLC7A7;FGL2;NKG7;CCR5"
"Bisphenol A-100 mg/kg in Corn Oil-Rat-Bone marrow-1d-dn","5/299",0.0108031257750541,0.150119620694682,0,0,3.97169582118562,17.9835200018109,"TYROBP;GMFG;FGL2;CD37;LCP2"
"Bithionol-59 mg/kg in Corn Oil-Rat-Bone marrow-0.25d-up","5/299",0.0108031257750541,0.150119620694682,0,0,3.97169582118562,17.9835200018109,"TYROBP;SLC7A7;ADORA3;IL10RA;CCR5"
"Leflunomide-30 mg/kg in Corn Oil-Rat-Liver-3d-dn","5/299",0.0108031257750541,0.150119620694682,0,0,3.97169582118562,17.9835200018109,"TYROBP;ADORA3;SLCO2B1;AIF1;CTSS"
"Pirinixic Acid-364 mg/kg in CMC-Rat-Liver-5d-dn","5/299",0.0108031257750541,0.150119620694682,0,0,3.97169582118562,17.9835200018109,"TYROBP;ADORA3;SLCO2B1;AIF1;CTSS"
"Famciclovir-112 mg/kg in Saline-Rat-Bone marrow-0.25d-dn","4/193",0.0108539711443273,0.150119620694682,0,0,4.91055088702148,22.2115229113393,"TYROBP;SLC7A7;ADORA3;FGL2"
"Benzethonium Chloride-30 mg/kg in Corn Oil-Rat-Liver-3d-up","5/300",0.0109485794821794,0.150119620694682,0,0,3.95803066989508,17.8687097823288,"HCK;TYROBP;ADORA3;AIF1;CTSS"
"Carbon Tetrachloride-1175 mg/kg in Corn Oil-Rat-Kidney-1d-up","5/300",0.0109485794821794,0.150119620694682,0,0,3.95803066989508,17.8687097823288,"TYROBP;SLC7A7;RAPGEF5;AIF1;CTSS"
"Lomustine-4.2 mg/kg in Corn Oil-Rat-Bone marrow-1d-dn","5/300",0.0109485794821794,0.150119620694682,0,0,3.95803066989508,17.8687097823288,"TYROBP;GMFG;ADORA3;FGL2;CD37"
"Nimodipine-1100 mg/kg in Corn Oil-Rat-Heart-3d-up","5/300",0.0109485794821794,0.150119620694682,0,0,3.95803066989508,17.8687097823288,"TYROBP;FGL2;CCR5;AIF1;CTSS"
"Penicillamine-852 mg/kg in Water-Rat-Liver-1d-up","5/300",0.0109485794821794,0.150119620694682,0,0,3.95803066989508,17.8687097823288,"TYROBP;ADORA3;SLCO2B1;AIF1;CTSS"
"11-Dichloroethene-600 mg/kg in Water-Rat-Liver-5d-up","5/301",0.0110953701955591,0.150119620694682,0,0,3.94445785070785,17.7549015868229,"TYROBP;GMFG;ADORA3;SLCO2B1;AIF1"
"Altretamine-40 mg/kg in Corn Oil-Rat-Bone marrow-5d-up","5/301",0.0110953701955591,0.150119620694682,0,0,3.94445785070785,17.7549015868229,"HCK;SLC7A7;VCAM1;CCR5;CTSS"
"Carbon Tetrachloride-400 mg/kg in Corn Oil-Rat-Bone marrow-3d-up","5/301",0.0110953701955591,0.150119620694682,0,0,3.94445785070785,17.7549015868229,"TYROBP;GMFG;ADORA3;ITGB2;CD37"
"Clobetasol Propionate-17 mg/kg in Corn Oil-Rat-Bone marrow-1d-up","5/301",0.0110953701955591,0.150119620694682,0,0,3.94445785070785,17.7549015868229,"TYROBP;SLC7A7;ADORA3;NKG7;CTSS"
"DActinomycin-0.06 mg/kg in Saline-Rat-Bone marrow-5d-up","5/301",0.0110953701955591,0.150119620694682,0,0,3.94445785070785,17.7549015868229,"GMFG;FGL2;NKG7;CD48;LCP2"
"Diethylstilbestrol-280 mg/kg in Corn Oil-Rat-Kidney-1d-up","5/301",0.0110953701955591,0.150119620694682,0,0,3.94445785070785,17.7549015868229,"SLC7A7;ADORA3;FGL2;AIF1;CTSS"
"Ethylestrenol-390 mg/kg in CMC-Rat-Liver-3d-dn","5/301",0.0110953701955591,0.150119620694682,0,0,3.94445785070785,17.7549015868229,"TYROBP;ADORA3;SLCO2B1;AIF1;CTSS"
"Ketamine-30 mg/kg in Saline-Rat-Heart-5d-up","5/301",0.0110953701955591,0.150119620694682,0,0,3.94445785070785,17.7549015868229,"TYROBP;ADORA3;FGL2;AIF1;CTSS"
"Lead(IV) Acetate-600 mg/kg in Saline-Rat-Bone marrow-5d-up","5/301",0.0110953701955591,0.150119620694682,0,0,3.94445785070785,17.7549015868229,"TYROBP;GMFG;ADORA3;ITGB2;CD37"
"Mycophenolate Mofetil-63 mg/kg in CMC-Rat-Bone marrow-1d-up","5/301",0.0110953701955591,0.150119620694682,0,0,3.94445785070785,17.7549015868229,"TYROBP;FGL2;NKG7;CD37;LCP2"
"Nystatin-134 mg/kg in Corn Oil-Rat-Kidney-3d-up","5/301",0.0110953701955591,0.150119620694682,0,0,3.94445785070785,17.7549015868229,"TYROBP;ADORA3;RAPGEF5;AIF1;CTSS"
"33'5-Triiodo-L-Thyronine-0.1 mg/kg in PEG400-Rat-Heart-1d-dn","5/302",0.0112435035243813,0.150455830056524,0,0,3.93097643097643,17.6420837796319,"TYROBP;ADORA3;SLCO2B1;AIF1;CTSS"
"Azathioprine-20 mg/kg in Corn Oil-Rat-Bone marrow-3d-dn","5/302",0.0112435035243813,0.150455830056524,0,0,3.93097643097643,17.6420837796319,"HCK;GMFG;ADORA3;CD37;CD48"
"N-Nitrosodiethylamine-1.67 mg/kg in Saline-Rat-Bone marrow-3d-up","5/302",0.0112435035243813,0.150455830056524,0,0,3.93097643097643,17.6420837796319,"SLC7A7;PTPRC;ADORA3;FGL2;CD48"
"Penicillamine-100 mg/kg in Water-Rat-Bone marrow-1d-up","5/302",0.0112435035243813,0.150455830056524,0,0,3.93097643097643,17.6420837796319,"HCK;TYROBP;SLC7A7;ITGB2;NKG7"
"Pentobarbital-70 mg/kg in Water-Rat-Liver-1d-dn","5/302",0.0112435035243813,0.150455830056524,0,0,3.93097643097643,17.6420837796319,"TYROBP;ADORA3;SLCO2B1;AIF1;CTSS"
"Busulfan-3 mg/kg in Corn Oil-Rat-Bone marrow-3d-dn","5/303",0.0113929850488481,0.15145968359057,0,0,3.91758549057207,17.5302448974694,"HCK;TYROBP;GMFG;NKG7;CD37"
"Carmustine-16 mg/kg in Corn Oil-Rat-Spleen-1d-up","5/303",0.0113929850488481,0.15145968359057,0,0,3.91758549057207,17.5302448974694,"TYROBP;VCAM1;SLCO2B1;FGL2;AIF1"
"Tegafur-175 mg/kg in Water-Rat-Bone marrow-5d-dn","5/303",0.0113929850488481,0.15145968359057,0,0,3.91758549057207,17.5302448974694,"HCK;CD37;CD48;CCR5;CTSS"
"Carmofur-201 mg/kg in CMC-Rat-Bone marrow-3d-up","5/304",0.01154382032443,0.1518111888355,0,0,3.90428412167543,17.4193736447518,"HCK;VCAM1;PTPRC;FGL2;CTSS"
"Cyclosporin A-350 mg/kg in Corn Oil-Rat-Kidney-5d-up","5/304",0.01154382032443,0.1518111888355,0,0,3.90428412167543,17.4193736447518,"HCK;TYROBP;ITGB2;AIF1;CTSS"
"Ferulic Acid-1500 mg/kg in CMC-Rat-Liver-5d-up","5/304",0.01154382032443,0.1518111888355,0,0,3.90428412167543,17.4193736447518,"HCK;TYROBP;GMFG;NKG7;AIF1"
"Nisoldipine-15 mg/kg in Water-Rat-Liver-3d-up","5/304",0.01154382032443,0.1518111888355,0,0,3.90428412167543,17.4193736447518,"TYROBP;GMFG;ADORA3;AIF1;CTSS"
"Tranilast-300 mg/kg in CMC-Rat-Spleen-3d-dn","5/304",0.01154382032443,0.1518111888355,0,0,3.90428412167543,17.4193736447518,"TYROBP;GMFG;NKG7;CD37;AIF1"
"Cisplatin-1.17 mg/kg in Saline-Rat-Liver-3d-dn","5/305",0.0116960148803442,0.153190893829337,0,0,3.89107142857143,17.3094588910674,"TYROBP;ADORA3;SLCO2B1;AIF1;CTSS"
"1-Naphthyl Isothiocyanate-30 mg/kg in Corn Oil-Rat-Bone marrow-1d-up","5/306",0.0118495742195095,0.153190893829337,0,0,3.87794652744819,17.2004896681825,"HCK;TYROBP;SLC7A7;NKG7;CTSS"
"1-Naphthyl Isothiocyanate-60 mg/kg in Corn Oil-Rat-Bone marrow-3d-up","5/306",0.0118495742195095,0.153190893829337,0,0,3.87794652744819,17.2004896681825,"TYROBP;GMFG;ITGB2;AIF1;CTSS"
"Bithionol-333 mg/kg in Corn Oil-Rat-Bone marrow-5d-up","5/306",0.0118495742195095,0.153190893829337,0,0,3.87794652744819,17.2004896681825,"HCK;VCAM1;ADORA3;NKG7;CD48"
"Catechol-40 mg/kg in Saline-Rat-Bone marrow-0.25d-dn","5/306",0.0118495742195095,0.153190893829337,0,0,3.87794652744819,17.2004896681825,"HCK;TYROBP;GMFG;CD37;AIF1"
"Chlorambucil-4.5 mg/kg in Corn Oil-Rat-Bone marrow-5d-up","5/306",0.0118495742195095,0.153190893829337,0,0,3.87794652744819,17.2004896681825,"SLC7A7;VCAM1;ADORA3;FGL2;CCR5"
"Irinotecan-5 mg/kg in Saline-Rat-Kidney-5d-up","5/306",0.0118495742195095,0.153190893829337,0,0,3.87794652744819,17.2004896681825,"TYROBP;SLC7A7;ADORA3;AIF1;CTSS"
"Zileuton-450 mg/kg in Corn Oil-Rat-Liver-3d-dn","5/306",0.0118495742195095,0.153190893829337,0,0,3.87794652744819,17.2004896681825,"TYROBP;ADORA3;SLCO2B1;AIF1;CTSS"
"Chloroxylenol-1915 mg/kg in Corn Oil-Rat-Liver-5d-up","5/307",0.012004503819363,0.153245778882329,0,0,3.86490854619994,17.092455166837,"HCK;TYROBP;GMFG;AIF1;CTSS"
"Furan-24 mg/kg in Corn Oil-Rat-Kidney-5d-dn","5/307",0.012004503819363,0.153245778882329,0,0,3.86490854619994,17.092455166837,"TYROBP;SLC7A7;ADORA3;AIF1;CTSS"
"Hydrocortisone-56 mg/kg in Corn Oil-Rat-Bone marrow-3d-dn","5/307",0.012004503819363,0.153245778882329,0,0,3.86490854619994,17.092455166837,"HCK;FGL2;NKG7;CD37;CD48"
"Lipopolysaccharide E. Coli O55:B5-1.25 mg/kg in Saline-Rat-Liver-1d-up","5/307",0.012004503819363,0.153245778882329,0,0,3.86490854619994,17.092455166837,"HCK;TYROBP;GMFG;ADORA3;CD48"
"Melatonin-2000 mg/kg in Corn Oil-Rat-Liver-1d-dn","5/307",0.012004503819363,0.153245778882329,0,0,3.86490854619994,17.092455166837,"TYROBP;ADORA3;SLCO2B1;AIF1;CTSS"
"Mitoxantrone-2 mg/kg in Saline-Rat-Heart-5d-dn","5/307",0.012004503819363,0.153245778882329,0,0,3.86490854619994,17.092455166837,"TYROBP;ADORA3;SLCO2B1;CD48;RAPGEF5"
"Azathioprine-20 mg/kg in Corn Oil-Rat-Bone marrow-1d-up","5/308",0.0121608091274014,0.15459428603209,0,0,3.85195662423385,16.9853447353048,"TYROBP;SLC7A7;NKG7;CCR5;AIF1"
"Hydrocortisone-56 mg/kg in Corn Oil-Rat-Kidney-5d-dn","5/308",0.0121608091274014,0.15459428603209,0,0,3.85195662423385,16.9853447353048,"TYROBP;EMCN;RAPGEF5;AIF1;CTSS"
"Ibuprofen-263 mg/kg in Corn Oil-Rat-Liver-5d-up","5/309",0.0123184955692978,0.155949087061941,0,0,3.8390899122807,16.879147873962,"TYROBP;SLC7A7;CCR5;AIF1;CTSS"
"Trichloroethylene-1230 mg/kg in CMC-Rat-Kidney-5d-up","5/309",0.0123184955692978,0.155949087061941,0,0,3.8390899122807,16.879147873962,"SLC7A7;ADORA3;FGL2;RAPGEF5;CTSS"
"Bisphenol A-100 mg/kg in Corn Oil-Rat-Bone marrow-3d-dn","5/310",0.0124775685376932,0.156341115435326,0,0,3.82630757220921,16.7738542360944,"HCK;GMFG;ADORA3;NKG7;CD37"
"Diethylstilbestrol-280 mg/kg in Corn Oil-Rat-Liver-1d-dn","5/310",0.0124775685376932,0.156341115435326,0,0,3.82630757220921,16.7738542360944,"TYROBP;ADORA3;SLCO2B1;AIF1;CTSS"
"Ethanol-3000 mg/kg in Saline-Rat-Bone marrow-3d-dn","5/310",0.0124775685376932,0.156341115435326,0,0,3.82630757220921,16.7738542360944,"HCK;ITGB2;NKG7;CD37;AIF1"
"Nizatidine-1653 mg/kg in Corn Oil-Rat-Heart-1d-up","5/310",0.0124775685376932,0.156341115435326,0,0,3.82630757220921,16.7738542360944,"TYROBP;ADORA3;FGL2;CD48;RAPGEF5"
"Sodium Arsenite-10 mg/kg in Saline-Rat-Liver-1d-dn","5/310",0.0124775685376932,0.156341115435326,0,0,3.82630757220921,16.7738542360944,"TYROBP;SLC7A7;ADORA3;SLCO2B1;AIF1"
"Carboplatin-14 mg/kg in Saline-Rat-Liver-1d-up","5/311",0.0126380334040914,0.157382203738297,0,0,3.81360877684407,16.6694536214578,"TYROBP;ADORA3;SLCO2B1;AIF1;CTSS"
"Doxorubicin-0.65 mg/kg in Saline-Rat-Spleen-0.25d-dn","5/311",0.0126380334040914,0.157382203738297,0,0,3.81360877684407,16.6694536214578,"TYROBP;GMFG;ADORA3;SLCO2B1;AIF1"
"Leflunomide-30 mg/kg in Corn Oil-Rat-Bone marrow-1d-up","5/311",0.0126380334040914,0.157382203738297,0,0,3.81360877684407,16.6694536214578,"SLC7A7;VCAM1;ITGB2;CCR5;AIF1"
"Acyclovir-980 mg/kg in Saline-Rat-Bone marrow-5d-dn","5/312",0.012799895504757,0.158107211275359,0,0,3.8009927097875,16.5659359779723,"SLC7A7;VCAM1;ADORA3;FGL2;CCR5"
"Calcitriol-0.04 mg/kg in CMC-Rat-Kidney-3d-up","5/312",0.012799895504757,0.158107211275359,0,0,3.8009927097875,16.5659359779723,"TYROBP;SLC7A7;FGL2;AIF1;CTSS"
"Hydrocortisone-56 mg/kg in Corn Oil-Rat-Bone marrow-1d-dn","5/312",0.012799895504757,0.158107211275359,0,0,3.8009927097875,16.5659359779723,"HCK;GMFG;FGL2;CD37;CD48"
"Mitomycin C-0.5 mg/kg in Saline-Rat-Bone marrow-1d-up","5/312",0.012799895504757,0.158107211275359,0,0,3.8009927097875,16.5659359779723,"SLC7A7;ADORA3;IL10RA;FGL2;CCR5"
"Bromfenac-5 mg/kg in CMC-Rat-Liver-5d-up","5/313",0.0129631601548659,0.158202406529984,0,0,3.78845856524428,16.4632913948101,"HCK;TYROBP;GMFG;AIF1;CTSS"
"Chlorambucil-0.6 mg/kg in Corn Oil-Rat-Spleen-3d-dn","5/313",0.0129631601548659,0.158202406529984,0,0,3.78845856524428,16.4632913948101,"HCK;TYROBP;CD48;AIF1;CTSS"
"Ethinylestradiol-10 mg/kg in Corn Oil-Rat-Liver-1d-dn","5/313",0.0129631601548659,0.158202406529984,0,0,3.78845856524428,16.4632913948101,"TYROBP;ADORA3;SLCO2B1;AIF1;CTSS"
"Geraniol-1500 mg/kg in CMC-Rat-Liver-1d-dn","5/313",0.0129631601548659,0.158202406529984,0,0,3.78845856524428,16.4632913948101,"TYROBP;ADORA3;SLCO2B1;AIF1;CTSS"
"Procarbazine-54 mg/kg in Water-Rat-Bone marrow-5d-up","5/313",0.0129631601548659,0.158202406529984,0,0,3.78845856524428,16.4632913948101,"VCAM1;SLCO2B1;FGL2;AIF1;CTSS"
"Urethane-453 mg/kg in Water-Rat-Bone marrow-5d-dn","5/313",0.0129631601548659,0.158202406529984,0,0,3.78845856524428,16.4632913948101,"HCK;GMFG;ADORA3;CD37;CCR5"
"Amiodarone-147 mg/kg in CMC-Rat-Liver-3d-up","5/314",0.0131278326401069,0.159256530357719,0,0,3.77600554785021,16.3615101024317,"HCK;TYROBP;SLCO2B1;AIF1;CTSS"
"Clopidogrel-400 mg/kg in Corn Oil-Rat-Bone marrow-5d-dn","5/314",0.0131278326401069,0.159256530357719,0,0,3.77600554785021,16.3615101024317,"HCK;TYROBP;NKG7;CD37;CD48"
"Doxorubicin-0.65 mg/kg in Saline-Rat-Bone marrow-0.25d-up","5/314",0.0131278326401069,0.159256530357719,0,0,3.77600554785021,16.3615101024317,"HCK;GMFG;ITGB2;CD37;CD48"
"Leflunomide-60 mg/kg in Corn Oil-Rat-Liver-3d-dn","5/315",0.0132939182152477,0.160632651385032,0,0,3.76363287250384,16.2605824704687,"TYROBP;ADORA3;SLCO2B1;AIF1;CTSS"
"Teicoplanin-41 mg/kg in Saline-Rat-Bone marrow-3d-dn","5/315",0.0132939182152477,0.160632651385032,0,0,3.76363287250384,16.2605824704687,"SLC7A7;ADORA3;NKG7;CD37;AIF1"
"Ethinylestradiol-1480 mg/kg in Corn Oil-Rat-Liver-3d-dn","5/316",0.0134614221088621,0.161378384495631,0,0,3.7513397642015,16.1604990039091,"TYROBP;ADORA3;SLCO2B1;AIF1;CTSS"
"Irinotecan-5 mg/kg in Saline-Rat-Bone marrow-3d-dn","5/316",0.0134614221088621,0.161378384495631,0,0,3.7513397642015,16.1604990039091,"HCK;TYROBP;GMFG;NKG7;CD37"
"Ketoprofen-4 mg/kg in Corn Oil-Rat-Kidney-5d-up","5/316",0.0134614221088621,0.161378384495631,0,0,3.7513397642015,16.1604990039091,"TYROBP;GMFG;FGL2;AIF1;CTSS"
"Quetiapine-500 mg/kg in CMC-Rat-Liver-1d-dn","5/316",0.0134614221088621,0.161378384495631,0,0,3.7513397642015,16.1604990039091,"TYROBP;GMFG;ADORA3;SLCO2B1;AIF1"
"Azasetron-580 mg/kg in CMC-Rat-Intestine-3d-dn","5/317",0.0136303495202775,0.162446079634245,0,0,3.73912545787546,16.0612503415981,"TYROBP;ADORA3;SLCO2B1;CD48;CTSS"
"Chlorambucil-4.5 mg/kg in Corn Oil-Rat-Spleen-1d-up","5/317",0.0136303495202775,0.162446079634245,0,0,3.73912545787546,16.0612503415981,"SLC7A7;VCAM1;NKG7;AIF1;CTSS"
"Leflunomide-60 mg/kg in Corn Oil-Rat-Spleen-1d-up","5/317",0.0136303495202775,0.162446079634245,0,0,3.73912545787546,16.0612503415981,"HCK;TYROBP;VCAM1;SLCO2B1;CTSS"
"Carmustine-4 mg/kg in Corn Oil-Rat-Spleen-0.25d-up","5/318",0.0138007056210764,0.163201367635287,0,0,3.7269891982352,15.962827253481,"TYROBP;PTPRC;CD37;LCP2;AIF1"
"DActinomycin-0.06 mg/kg in Saline-Rat-Bone marrow-1d-up","5/318",0.0138007056210764,0.163201367635287,0,0,3.7269891982352,15.962827253481,"PTPRC;GMFG;FGL2;CD48;CTSS"
"Noscapine-570 mg/kg in CMC-Rat-Bone marrow-1d-up","5/318",0.0138007056210764,0.163201367635287,0,0,3.7269891982352,15.962827253481,"TYROBP;VCAM1;ADORA3;NKG7;CD37"
"Valdecoxib-404 mg/kg in CMC-Rat-Kidney-5d-up","5/318",0.0138007056210764,0.163201367635287,0,0,3.7269891982352,15.962827253481,"TYROBP;GMFG;ADORA3;CD48;AIF1"
"Azathioprine-20 mg/kg in Corn Oil-Rat-Spleen-1d-up","5/319",0.0139724955530903,0.164913284071484,0,0,3.71493023961177,15.8652206388673,"HCK;SLC7A7;VCAM1;SLCO2B1;FGL2"
"Famciclovir-1200 mg/kg in Saline-Rat-Bone marrow-1d-up","5/321",0.0143203973277438,0.168368139679948,0,0,3.6910412899337,15.6724210611106,"TYROBP;GMFG;ADORA3;FGL2;CD37"
"Miconazole-920 mg/kg in Corn Oil-Rat-Liver-1d-dn","5/321",0.0143203973277438,0.168368139679948,0,0,3.6910412899337,15.6724210611106,"TYROBP;ADORA3;SLCO2B1;AIF1;CTSS"
"Busulfan-9 mg/kg in Corn Oil-Rat-Bone marrow-1d-up","5/322",0.0144965193078113,0.170111078492817,0,0,3.67920985428872,15.5772105226634,"SLC7A7;ITGB2;CD48;CCR5;CTSS"
"Ifosfamide-143 mg/kg in Saline-Rat-Spleen-5d-dn","5/323",0.014674095393035,0.171535115111685,0,0,3.66745283018868,15.4827813031155,"PTPRC;ADORA3;FGL2;CD37;CD48"
"NN-Dimethylformamide-1400 mg/kg in Saline-Rat-Bone marrow-5d-dn","5/323",0.014674095393035,0.171535115111685,0,0,3.66745283018868,15.4827813031155,"HCK;TYROBP;CD37;CD48;CCR5"
"Bisphenol A-610 mg/kg in Corn Oil-Rat-Spleen-3d-dn","5/324",0.0148531305784382,0.172307609866216,0,0,3.65576951783848,15.3891249152403,"HCK;TYROBP;SLC7A7;AIF1;CTSS"
"Doxorubicin-0.65 mg/kg in Saline-Rat-Bone marrow-1d-up","5/324",0.0148531305784382,0.172307609866216,0,0,3.65576951783848,15.3891249152403,"TYROBP;GMFG;ADORA3;FGL2;CD48"
"Leflunomide-30 mg/kg in Corn Oil-Rat-Spleen-3d-dn","5/324",0.0148531305784382,0.172307609866216,0,0,3.65576951783848,15.3891249152403,"TYROBP;SLC7A7;CD48;AIF1;CTSS"
"Penicillamine-852 mg/kg in Water-Rat-Bone marrow-5d-up","5/324",0.0148531305784382,0.172307609866216,0,0,3.65576951783848,15.3891249152403,"HCK;TYROBP;NKG7;AIF1;CTSS"
"Cinnarizine-750 mg/kg in CMC-Rat-Liver-5d-dn","5/325",0.0150336298265583,0.17341249376495,0,0,3.64415922619048,15.2962329890258,"TYROBP;GMFG;ADORA3;AIF1;CTSS"
"Indomethacin-9.6 mg/kg in Water-Rat-Kidney-5d-up","5/325",0.0150336298265583,0.17341249376495,0,0,3.64415922619048,15.2962329890258,"TYROBP;GMFG;FGL2;AIF1;CTSS"
"Isoprenaline-4.2 mg/kg in Saline-Rat-Heart-3d-up","5/325",0.0150336298265583,0.17341249376495,0,0,3.64415922619048,15.2962329890258,"TYROBP;GMFG;ADORA3;AIF1;CTSS"
"Melatonin-2000 mg/kg in Corn Oil-Rat-Liver-3d-dn","5/326",0.0152155980690848,0.174850432048127,0,0,3.63262127280819,15.2040972692512,"TYROBP;ADORA3;SLCO2B1;AIF1;CTSS"
"Rofecoxib-775 mg/kg in Corn Oil-Rat-Liver-3d-up","5/326",0.0152155980690848,0.174850432048127,0,0,3.63262127280819,15.2040972692512,"HCK;TYROBP;SLC7A7;AIF1;CTSS"
"Acyclovir-330 mg/kg in Saline-Rat-Bone marrow-0.25d-up","5/327",0.0153990402108151,0.176625833395476,0,0,3.62115498373262,15.1127096125989,"GMFG;ADORA3;ITGB2;CD37;CD48"
"Doxapram-2 mg/kg in Saline-Rat-Liver-5d-up","5/328",0.0155839611280644,0.178077398508331,0,0,3.60975969335102,15.0220619861771,"HCK;TYROBP;GMFG;AIF1;CTSS"
"Lead (II) Acetate-600 mg/kg in Saline-Rat-Bone marrow-1d-up","5/328",0.0155839611280644,0.178077398508331,0,0,3.60975969335102,15.0220619861771,"TYROBP;GMFG;ADORA3;ITGB2;FGL2"
"Ampiroxicam-94 mg/kg in CMC-Rat-Kidney-5d-up","5/329",0.0157703656617088,0.179535021021917,0,0,3.59843474426808,14.9321464672704,"TYROBP;ADORA3;FGL2;AIF1;CTSS"
"Streptomycin-120 mg/kg in Saline-Rat-Bone marrow-5d-up","5/329",0.0157703656617088,0.179535021021917,0,0,3.59843474426808,14.9321464672704,"HCK;TYROBP;GMFG;FGL2;CD37"
"Cisplatin-0.5 mg/kg in Saline-Rat-Kidney-28d-up","5/330",0.0159582586184006,0.180662883282896,0,0,3.58717948717949,14.8429552411499,"TYROBP;ADORA3;FGL2;CD48;CTSS"
"Clotrimazole-52 mg/kg in Corn Oil-Rat-Liver-5d-dn","5/330",0.0159582586184006,0.180662883282896,0,0,3.58717948717949,14.8429552411499,"TYROBP;ADORA3;SLCO2B1;AIF1;CTSS"
"Podophyllotoxin-4 mg/kg in Corn Oil-Rat-Bone marrow-1d-up","5/330",0.0159582586184006,0.180662883282896,0,0,3.58717948717949,14.8429552411499,"TYROBP;SLC7A7;GMFG;NKG7;AIF1"
"Acyclovir-980 mg/kg in Saline-Rat-Bone marrow-3d-up","5/331",0.0161476447841441,0.181460273430658,0,0,3.57599328074788,14.7544805962136,"TYROBP;ITGB2;NKG7;AIF1;CTSS"
"Cyclosporin A-350 mg/kg in Corn Oil-Rat-Spleen-1d-up","5/331",0.0161476447841441,0.181460273430658,0,0,3.57599328074788,14.7544805962136,"HCK;TYROBP;VCAM1;ITGB2;CTSS"
"Gemcitabine-11 mg/kg in Saline-Rat-Bone marrow-1d-up","5/331",0.0161476447841441,0.181460273430658,0,0,3.57599328074788,14.7544805962136,"TYROBP;GMFG;ADORA3;NKG7;AIF1"
"Mitomycin C-0.5 mg/kg in Saline-Rat-Bone marrow-3d-up","5/331",0.0161476447841441,0.181460273430658,0,0,3.57599328074788,14.7544805962136,"SLC7A7;VCAM1;ADORA3;FGL2;CCR5"
"Leflunomide-60 mg/kg in Corn Oil-Rat-Spleen-3d-dn","5/333",0.0165309156994657,0.185425822790698,0,0,3.55382549361208,14.579650727681,"TYROBP;SLC7A7;CD48;AIF1;CTSS"
"Diethylstilbestrol-280 mg/kg in Corn Oil-Rat-Spleen-3d-dn","5/335",0.016920216024056,0.189097359301813,0,0,3.53192640692641,14.4075972240498,"TYROBP;SLC7A7;CD48;AIF1;CTSS"
"Streptomycin-120 mg/kg in Saline-Rat-Bone marrow-3d-up","5/335",0.016920216024056,0.189097359301813,0,0,3.53192640692641,14.4075972240498,"HCK;VCAM1;PTPRC;FGL2;CD48"
"Thioguanine-12 mg/kg in Corn Oil-Rat-Spleen-3d-dn","5/336",0.0171171388317006,0.190948411610671,0,0,3.52107610415768,14.3225934058924,"SLC7A7;NKG7;CD37;CD48;AIF1"
"Busulfan-9 mg/kg in Corn Oil-Rat-Spleen-1d-up","5/338",0.0175155526837635,0.194681060976912,0,0,3.499570999571,14.1545960743405,"TYROBP;VCAM1;SLCO2B1;NKG7;AIF1"
"Sulindac-64 mg/kg in Corn Oil-Rat-Kidney-1d-up","5/338",0.0175155526837635,0.194681060976912,0,0,3.499570999571,14.1545960743405,"ADORA3;SLCO2B1;CCR5;AIF1;CTSS"
"Netilmicin-40 mg/kg in Saline-Rat-Kidney-14d-up","5/341",0.0181246619650175,0.201084886019158,0,0,3.46779336734694,13.9075219383788,"TYROBP;SLCO2B1;FGL2;AIF1;CTSS"
"Gemcitabine-11 mg/kg in Saline-Rat-Bone marrow-3d-up","5/344",0.0187476643212962,0.207619324298638,0,0,3.43657817109145,13.6661926577943,"TYROBP;VCAM1;SLCO2B1;AIF1;CTSS"
"NN-Dimethylformamide-140 mg/kg in Saline-Rat-Spleen-3d-dn","5/345",0.0189584395608943,0.209573185145972,0,0,3.42629551820728,13.5869957339382,"HCK;TYROBP;GMFG;CD37;CTSS"
"Nystatin-134 mg/kg in Corn Oil-Rat-Kidney-5d-up","5/346",0.0191707758832124,0.211155369024119,0,0,3.41607317413769,13.508411295795,"TYROBP;SLC7A7;ADORA3;RAPGEF5;CTSS"
"Podophyllotoxin-4 mg/kg in Corn Oil-Rat-Bone marrow-3d-up","5/346",0.0191707758832124,0.211155369024119,0,0,3.41607317413769,13.508411295795,"VCAM1;GMFG;FGL2;NKG7;AIF1"
"Busulfan-9 mg/kg in Corn Oil-Rat-Spleen-3d-dn","5/348",0.0196001487960056,0.215108107829543,0,0,3.39580730251284,13.3530550108458,"SLC7A7;ADORA3;CD48;AIF1;CTSS"
"Harringtonine-23 mg/kg in Saline-Rat-Bone marrow-3d-up","5/348",0.0196001487960056,0.215108107829543,0,0,3.39580730251284,13.3530550108458,"SLC7A7;VCAM1;ADORA3;FGL2;CD48"
"1-Naphthyl Isothiocyanate-30 mg/kg in Corn Oil-Rat-Kidney-0.25d-up","5/349",0.019817193811597,0.217099670804964,0,0,3.38576273532669,13.2762709305255,"TYROBP;EMCN;ADORA3;FGL2;AIF1"
"NN-Dimethylformamide-140 mg/kg in Saline-Rat-Bone marrow-1d-up","4/232",0.0200119590836145,0.218840455785333,0,0,4.0625386996904,15.8903163676205,"TYROBP;VCAM1;GMFG;FGL2"
"Rofecoxib-3 mg/kg in Corn Oil-Rat-Liver-1d-up","5/352",0.0204778129548385,0.223534194365697,0,0,3.35597639632222,13.0494231661119,"HCK;TYROBP;GMFG;AIF1;CTSS"
"Podophyllotoxin-4 mg/kg in Corn Oil-Rat-Bone marrow-5d-up","5/353",0.0207011943530153,0.225569085610891,0,0,3.34616174055829,12.9749559090611,"HCK;TYROBP;NKG7;AIF1;CTSS"
"Altretamine-40 mg/kg in Corn Oil-Rat-Spleen-3d-dn","5/354",0.0209261699966089,0.227614062957767,0,0,3.33640332924001,12.9010534224333,"HCK;SLC7A7;CD48;AIF1;CTSS"
"Lead (II) Acetate-200 mg/kg in Saline-Rat-Liver-5d-up","4/243",0.0232511982201171,0.252453401315221,0,0,3.87339404380999,14.5693789798355,"HCK;TYROBP;GMFG;CTSS"
"Allyl Alcohol-25 mg/kg in Saline-Rat-Bone marrow-3d-up","5/374",0.0257663698086329,0.279265343822874,0,0,3.15234223770809,11.5334276796517,"SLC7A7;VCAM1;ADORA3;NKG7;CCR5"
"Benzethonium Chloride-30 mg/kg in Corn Oil-Rat-Heart-1d-up","4/252",0.0261260839599771,0.28266199348188,0,0,3.73111954459203,13.5992631616627,"TYROBP;FGL2;RAPGEF5;CTSS"
"Lomustine-4.2 mg/kg in Corn Oil-Rat-Spleen-3d-up","4/253",0.0264581394484633,0.285747906043404,0,0,3.71594613749114,13.4970277461373,"GMFG;FGL2;LCP2;RAPGEF5"
"Cetylpyridinium Bromide-16.5 mg/kg in Water-Rat-Liver-0.25d-up","5/377",0.0265493657541328,0.286226554473001,0,0,3.1264400921659,11.3450676720896,"HCK;TYROBP;ADORA3;CD48;CTSS"
"Epinephrine-0.0375 mg/kg in Saline-Rat-Heart-3d-up","5/381",0.0276169002981359,0.297210450827558,0,0,3.0925468591692,11.1001630661107,"TYROBP;ADORA3;FGL2;CCR5;RAPGEF5"
"Etoposide-188 mg/kg in Corn Oil-Rat-Spleen-3d-up","4/259",0.0285038906262038,0.305677927242698,0,0,3.62740484429066,12.9052714932185,"PTPRC;GMFG;ADORA3;SLCO2B1"
"Hydroxyurea-59 mg/kg in Saline-Rat-Bone marrow-3d-dn","4/259",0.0285038906262038,0.305677927242698,0,0,3.62740484429066,12.9052714932185,"TYROBP;GMFG;ADORA3;CD37"
"Cytarabine-23 mg/kg in Saline-Rat-Bone marrow-0.25d-up","5/385",0.0287115183722938,0.307364359838135,0,0,3.0593671679198,10.8621512701085,"GMFG;ITGB2;NKG7;CD37;CTSS"
"Hydroxyurea-400 mg/kg in Saline-Rat-Bone marrow-3d-up","4/261",0.0292062331972714,0.311567194003059,0,0,3.59880979629206,12.7159378227854,"TYROBP;SLCO2B1;AIF1;CTSS"
"Meloxicam-33 mg/kg in Corn Oil-Rat-Kidney-5d-up","4/261",0.0292062331972714,0.311567194003059,0,0,3.59880979629206,12.7159378227854,"TYROBP;FGL2;AIF1;CTSS"
"Busulfan-36 mg/kg in Corn Oil-Rat-Liver-0.25d-dn","4/262",0.0295612474610031,0.314804069820316,0,0,3.58467852257182,12.6226961578099,"SLC7A7;ADORA3;SLCO2B1;CCR5"
"Daunorubicin-3.25 mg/kg in Saline-Rat-Bone marrow-3d-dn","4/264",0.0302789753804626,0.321885553609029,0,0,3.55674208144796,12.4390000893087,"GMFG;ADORA3;NKG7;CD37"
"Busulfan-9 mg/kg in Corn Oil-Rat-Bone marrow-3d-dn","4/265",0.0306416941483097,0.32517498729215,0,0,3.54293441514537,12.3485210902097,"GMFG;ADORA3;NKG7;CD37"
"Etoposide-100 mg/kg in Corn Oil-Rat-Spleen-3d-up","4/266",0.0310069860556418,0.328480258526955,0,0,3.52923215087562,12.258938726927,"GMFG;ADORA3;FGL2;RAPGEF5"
"Amantadine-220 mg/kg in Water-Rat-Liver-3d-dn","4/268",0.0317452985388271,0.335592483169485,0,0,3.50213903743315,12.0824169493467,"TYROBP;SLCO2B1;AIF1;CTSS"
"Cyclosporin A-350 mg/kg in Corn Oil-Rat-Spleen-1d-dn","4/269",0.0321183235285118,0.335592483169485,0,0,3.48874583795782,11.9954545413998,"PTPRC;GMFG;CD37;CD48"
"Cytarabine-487 mg/kg in Saline-Rat-Spleen-3d-dn","4/269",0.0321183235285118,0.335592483169485,0,0,3.48874583795782,11.9954545413998,"TYROBP;GMFG;CD37;AIF1"
"Doxorubicin-0.65 mg/kg in Saline-Rat-Liver-5d-dn","4/269",0.0321183235285118,0.335592483169485,0,0,3.48874583795782,11.9954545413998,"TYROBP;GMFG;AIF1;CTSS"
"Enoxacin-100 mg/kg in Corn Oil-Rat-Liver-0.25d-up","4/269",0.0321183235285118,0.335592483169485,0,0,3.48874583795782,11.9954545413998,"TYROBP;ADORA3;AIF1;CTSS"
"Gemcitabine-11 mg/kg in Saline-Rat-Bone marrow-1d-dn","4/269",0.0321183235285118,0.335592483169485,0,0,3.48874583795782,11.9954545413998,"HCK;SLC7A7;CD48;LCP2"
"Lorazepam-2000 mg/kg in CMC-Rat-Liver-3d-dn","4/269",0.0321183235285118,0.335592483169485,0,0,3.48874583795782,11.9954545413998,"TYROBP;SLCO2B1;AIF1;CTSS"
"Mitomycin C-0.5 mg/kg in Saline-Rat-Bone marrow-3d-dn","4/269",0.0321183235285118,0.335592483169485,0,0,3.48874583795782,11.9954545413998,"HCK;TYROBP;GMFG;CD37"
"Tamoxifen-2.5 mg/kg in Corn Oil-Rat-Liver-3d-dn","4/270",0.03249393048824,0.338936690323488,0,0,3.47545333923043,11.9093427739308,"TYROBP;ADORA3;SLCO2B1;AIF1"
"Atorvastatin-2.5 mg/kg in Corn Oil-Rat-Liver-1d-dn","4/271",0.0328721214007732,0.342296390422386,0,0,3.46226040978189,11.8240706198391,"TYROBP;ADORA3;SLCO2B1;AIF1"
"Penicillamine-100 mg/kg in Water-Rat-Bone marrow-3d-dn","4/272",0.0332528981770277,0.345083647408543,0,0,3.44916593503073,11.7396272313204,"TYROBP;GMFG;FGL2;LCP2"
"Sulindac-132 mg/kg in Corn Oil-Rat-Heart-5d-up","4/272",0.0332528981770277,0.345083647408543,0,0,3.44916593503073,11.7396272313204,"TYROBP;GMFG;FGL2;CTSS"
"Bithionol-333 mg/kg in Corn Oil-Rat-Bone marrow-3d-dn","4/273",0.0336362626350102,0.347744665224348,0,0,3.43616881696917,11.6560019385596,"HCK;SLC7A7;ADORA3;CD37"
"Dipyrone-1636 mg/kg in Water-Rat-Liver-1d-dn","4/273",0.0336362626350102,0.347744665224348,0,0,3.43616881696917,11.6560019385596,"TYROBP;ADORA3;SLCO2B1;AIF1"
"Cytarabine-487 mg/kg in Saline-Rat-Bone marrow-1d-dn","4/274",0.0340222165091668,0.347744665224348,0,0,3.42326797385621,11.5731842452456,"HCK;SLC7A7;GMFG;CD37"
"Cytarabine-487 mg/kg in Saline-Rat-Spleen-5d-dn","4/274",0.0340222165091668,0.347744665224348,0,0,3.42326797385621,11.5731842452456,"HCK;TYROBP;SLC7A7;CD37"
"Fluocinolone Acetonide-2.5 mg/kg in Corn Oil-Rat-Kidney-3d-dn","4/274",0.0340222165091668,0.347744665224348,0,0,3.42326797385621,11.5731842452456,"TYROBP;ADORA3;CD48;AIF1"
"Hydroxyurea-400 mg/kg in Saline-Rat-Spleen-5d-up","4/274",0.0340222165091668,0.347744665224348,0,0,3.42326797385621,11.5731842452456,"TYROBP;VCAM1;CD48;AIF1"
"Lamivudine-1300 mg/kg in Water-Rat-Liver-1d-dn","4/274",0.0340222165091668,0.347744665224348,0,0,3.42326797385621,11.5731842452456,"TYROBP;ADORA3;SLCO2B1;AIF1"
"Sulindac-132 mg/kg in Corn Oil-Rat-Liver-3d-up","4/274",0.0340222165091668,0.347744665224348,0,0,3.42326797385621,11.5731842452456,"HCK;TYROBP;CCR5;CTSS"
"Urethane-453 mg/kg in Water-Rat-Bone marrow-1d-up","4/274",0.0340222165091668,0.347744665224348,0,0,3.42326797385621,11.5731842452456,"PTPRC;FGL2;CD48;LCP2"
"Benzethonium Chloride-30 mg/kg in Corn Oil-Rat-Liver-5d-up","4/275",0.0344107614450106,0.349957443895758,0,0,3.41046233991752,11.4911638257127,"TYROBP;GMFG;ADORA3;CTSS"
"Dideoxycytidine-1200 mg/kg in CMC-Rat-Liver-1d-up","4/275",0.0344107614450106,0.349957443895758,0,0,3.41046233991752,11.4911638257127,"ADORA3;SLCO2B1;AIF1;CTSS"
"Oxybutynin-230 mg/kg in Water-Rat-Heart-1d-up","4/275",0.0344107614450106,0.349957443895758,0,0,3.41046233991752,11.4911638257127,"TYROBP;ADORA3;FGL2;CD48"
"Phenacemide-400 mg/kg in CMC-Rat-Heart-3d-up","4/277",0.0351956306779318,0.357343990676772,0,0,3.38513251454428,11.3294743347773,"ADORA3;FGL2;RAPGEF5;CTSS"
"Aspirin-375 mg/kg in Corn Oil-Rat-Kidney-3d-up","4/278",0.0355919578490185,0.359573057607137,0,0,3.37260626878489,11.2497854329597,"ADORA3;CCR5;RAPGEF5;CTSS"
"Catechol-40 mg/kg in Saline-Rat-Liver-5d-dn","4/278",0.0355919578490185,0.359573057607137,0,0,3.37260626878489,11.2497854329597,"TYROBP;SLCO2B1;AIF1;CTSS"
"Nimesulide-162 mg/kg in Corn Oil-Rat-Kidney-3d-up","4/278",0.0355919578490185,0.359573057607137,0,0,3.37260626878489,11.2497854329597,"TYROBP;ADORA3;FGL2;CTSS"
"Mycophenolate Mofetil-63 mg/kg in CMC-Rat-Bone marrow-3d-dn","4/279",0.0359908818345913,0.363002249511861,0,0,3.36017112299465,11.1708541373579,"HCK;SLC7A7;ADORA3;CD37"
"Clonazepam-2500 mg/kg in CMC-Rat-Liver-1d-dn","4/280",0.0363924038544038,0.364219896890231,0,0,3.34782608695652,11.0926709252417,"TYROBP;ADORA3;SLCO2B1;AIF1"
"Ibuprofen-90 mg/kg in Corn Oil-Rat-Liver-1d-up","4/280",0.0363924038544038,0.364219896890231,0,0,3.34782608695652,11.0926709252417,"TYROBP;ADORA3;SLCO2B1;CTSS"
"Pentobarbital-70 mg/kg in Water-Rat-Liver-3d-dn","4/281",0.0367965250579939,0.364219896890231,0,0,3.3355701847526,11.0152264239176,"TYROBP;SLCO2B1;AIF1;CTSS"
"Carmustine-4 mg/kg in Corn Oil-Rat-Spleen-0.25d-dn","4/282",0.0372032465046209,0.364219896890231,0,0,3.32340245450698,10.9385114097201,"SLC7A7;VCAM1;ADORA3;CD48"
"DActinomycin-0.06 mg/kg in Saline-Rat-Bone marrow-1d-dn","4/282",0.0372032465046209,0.364219896890231,0,0,3.32340245450698,10.9385114097201,"TYROBP;ADORA3;NKG7;CD37"
"Itraconazole-1093 mg/kg in Corn Oil-Rat-Liver-5d-dn","4/282",0.0372032465046209,0.364219896890231,0,0,3.32340245450698,10.9385114097201,"TYROBP;ADORA3;SLCO2B1;AIF1"
"Lorazepam-2000 mg/kg in CMC-Rat-Liver-5d-dn","4/282",0.0372032465046209,0.364219896890231,0,0,3.32340245450698,10.9385114097201,"TYROBP;ADORA3;SLCO2B1;AIF1"
"Nateglinide-625 mg/kg in CMC-Rat-Kidney-1d-up","4/282",0.0372032465046209,0.364219896890231,0,0,3.32340245450698,10.9385114097201,"TYROBP;SLC7A7;ADORA3;AIF1"
"Teicoplanin-41 mg/kg in Saline-Rat-Bone marrow-1d-dn","4/282",0.0372032465046209,0.364219896890231,0,0,3.32340245450698,10.9385114097201,"HCK;ADORA3;NKG7;CD37"
"Valproic Acid-850 mg/kg in Water-Rat-Bone marrow-1d-up","4/282",0.0372032465046209,0.364219896890231,0,0,3.32340245450698,10.9385114097201,"SLC7A7;ADORA3;NKG7;CD37"
"Alfacalcidol-0.043 mg/kg in CMC-Rat-Heart-3d-up","4/283",0.0376125691686823,0.364219896890231,0,0,3.31132194813409,10.8625168046632,"TYROBP;ADORA3;FGL2;CTSS"
"Alfacalcidol-0.043 mg/kg in CMC-Rat-Liver-5d-up","4/283",0.0376125691686823,0.364219896890231,0,0,3.31132194813409,10.8625168046632,"TYROBP;ADORA3;AIF1;CTSS"
"Diazepam-710 mg/kg in CMC-Rat-Liver-5d-dn","4/283",0.0376125691686823,0.364219896890231,0,0,3.31132194813409,10.8625168046632,"TYROBP;ADORA3;SLCO2B1;AIF1"
"Ethylene Glycol-3525 mg/kg in Water-Rat-Bone marrow-5d-dn","4/283",0.0376125691686823,0.364219896890231,0,0,3.31132194813409,10.8625168046632,"GMFG;ADORA3;FGL2;CCR5"
"Carbon Tetrachloride-1175 mg/kg in Corn Oil-Rat-Liver-1d-up","4/284",0.0380244939520187,0.364219896890231,0,0,3.29932773109244,10.7872336726013,"HCK;TYROBP;ADORA3;AIF1"
"Dipyrone-1636 mg/kg in Water-Rat-Liver-3d-dn","4/284",0.0380244939520187,0.364219896890231,0,0,3.29932773109244,10.7872336726013,"TYROBP;ADORA3;SLCO2B1;AIF1"
"Itraconazole-1093 mg/kg in Corn Oil-Rat-Liver-0.25d-dn","4/285",0.038439021653127,0.364219896890231,0,0,3.2874188821436,10.7126532192273,"TYROBP;ADORA3;SLCO2B1;AIF1"
"Itraconazole-30 mg/kg in Corn Oil-Rat-Liver-1d-dn","4/285",0.038439021653127,0.364219896890231,0,0,3.2874188821436,10.7126532192273,"TYROBP;ADORA3;SLCO2B1;AIF1"
"Melphalan-12 mg/kg in CMC-Rat-Spleen-1d-dn","4/285",0.038439021653127,0.364219896890231,0,0,3.2874188821436,10.7126532192273,"TYROBP;GMFG;NKG7;AIF1"
"123-Trichloropropane-108 mg/kg in CMC-Rat-Heart-3d-up","4/287",0.0392758886800249,0.364219896890231,0,0,3.26385366867595,10.5655658478484,"TYROBP;ADORA3;FGL2;CTSS"
"4-Octylphenol-450 mg/kg in Corn Oil-Rat-Liver-3d-up","4/287",0.0392758886800249,0.364219896890231,0,0,3.26385366867595,10.5655658478484,"TYROBP;ADORA3;AIF1;CTSS"
"Acyclovir-980 mg/kg in Saline-Rat-Spleen-5d-dn","4/287",0.0392758886800249,0.364219896890231,0,0,3.26385366867595,10.5655658478484,"PTPRC;GMFG;ADORA3;CD48"
"Chlorambucil-0.6 mg/kg in Corn Oil-Rat-Spleen-3d-up","4/287",0.0392758886800249,0.364219896890231,0,0,3.26385366867595,10.5655658478484,"VCAM1;PTPRC;ADORA3;CD37"
"Coumarin-111 mg/kg in Corn Oil-Rat-Bone marrow-1d-dn","4/287",0.0392758886800249,0.364219896890231,0,0,3.26385366867595,10.5655658478484,"SLC7A7;GMFG;FGL2;LCP2"
"Cytarabine-23 mg/kg in Saline-Rat-Liver-0.25d-dn","4/287",0.0392758886800249,0.364219896890231,0,0,3.26385366867595,10.5655658478484,"TYROBP;ADORA3;AIF1;CTSS"
"Captopril-1750 mg/kg in Water-Rat-Kidney-1d-up","4/288",0.0396982292158023,0.364219896890231,0,0,3.25219552609776,10.4930420156803,"SLC7A7;ADORA3;CCR5;RAPGEF5"
"Cyclosporin A-70 mg/kg in Corn Oil-Rat-Bone marrow-1d-dn","4/288",0.0396982292158023,0.364219896890231,0,0,3.25219552609776,10.4930420156803,"TYROBP;GMFG;FGL2;LCP2"
"Estriol-313 mg/kg in CMC-Rat-Liver-1d-dn","4/288",0.0396982292158023,0.364219896890231,0,0,3.25219552609776,10.4930420156803,"TYROBP;ADORA3;SLCO2B1;AIF1"
"Hydrocortisone-56 mg/kg in Corn Oil-Rat-Kidney-3d-dn","4/288",0.0396982292158023,0.364219896890231,0,0,3.25219552609776,10.4930420156803,"TYROBP;SLC7A7;AIF1;CTSS"
"Urethane-453 mg/kg in Water-Rat-Bone marrow-3d-up","4/288",0.0396982292158023,0.364219896890231,0,0,3.25219552609776,10.4930420156803,"PTPRC;FGL2;CD48;CTSS"
"Zomepirac-2.8 mg/kg in Saline-Rat-Kidney-0.25d-up","4/288",0.0396982292158023,0.364219896890231,0,0,3.25219552609776,10.4930420156803,"TYROBP;SLC7A7;ADORA3;AIF1"
"Azauridine-1500 mg/kg in CMC-Rat-Bone marrow-3d-dn","4/289",0.0401231751123828,0.364219896890231,0,0,3.24061919504644,10.421187026926,"SLC7A7;ADORA3;FGL2;NKG7"
"BW-723C86-50 mg/kg in Saline-Rat-Heart-1d-up","4/289",0.0401231751123828,0.364219896890231,0,0,3.24061919504644,10.421187026926,"TYROBP;CD48;RAPGEF5;CTSS"
"Chlorzoxazone-763 mg/kg in CMC-Rat-Liver-1d-dn","4/289",0.0401231751123828,0.364219896890231,0,0,3.24061919504644,10.421187026926,"TYROBP;ADORA3;SLCO2B1;AIF1"
"Cinnarizine-750 mg/kg in CMC-Rat-Liver-3d-dn","4/289",0.0401231751123828,0.364219896890231,0,0,3.24061919504644,10.421187026926,"TYROBP;ADORA3;SLCO2B1;AIF1"
"Propylthiouracil-625 mg/kg in CMC-Rat-Liver-3d-dn","4/289",0.0401231751123828,0.364219896890231,0,0,3.24061919504644,10.421187026926,"TYROBP;ADORA3;AIF1;CTSS"
"Roflumilast-17 mg/kg in CMC-Rat-Heart-3d-up","4/289",0.0401231751123828,0.364219896890231,0,0,3.24061919504644,10.421187026926,"TYROBP;FGL2;RAPGEF5;CTSS"
"Allyl Alcohol-16 mg/kg in Saline-Rat-Liver-3d-up","4/290",0.0405507267693034,0.364219896890231,0,0,3.22912381735911,10.3499927478113,"ADORA3;SLCO2B1;AIF1;CTSS"
"Clopidogrel-400 mg/kg in Corn Oil-Rat-Bone marrow-1d-dn","4/290",0.0405507267693034,0.364219896890231,0,0,3.22912381735911,10.3499927478113,"SLC7A7;GMFG;NKG7;CD37"
"Doxofylline-483 mg/kg in Water-Rat-Heart-3d-up","4/290",0.0405507267693034,0.364219896890231,0,0,3.22912381735911,10.3499927478113,"ADORA3;FGL2;CD48;RAPGEF5"
"Nystatin-134 mg/kg in Corn Oil-Rat-Liver-5d-up","4/290",0.0405507267693034,0.364219896890231,0,0,3.22912381735911,10.3499927478113,"TYROBP;GMFG;AIF1;CTSS"
"Procarbazine-54 mg/kg in Water-Rat-Bone marrow-3d-dn","4/290",0.0405507267693034,0.364219896890231,0,0,3.22912381735911,10.3499927478113,"HCK;GMFG;ADORA3;CD37"
"Saquinavir-1500 mg/kg in CMC-Rat-Kidney-5d-up","4/290",0.0405507267693034,0.364219896890231,0,0,3.22912381735911,10.3499927478113,"TYROBP;GMFG;ADORA3;AIF1"
"Bleomycin A2-12 mg/kg in Saline-Rat-Bone marrow-0.25d-up","4/291",0.0409808845134946,0.364219896890231,0,0,3.21770854683337,10.2794511688165,"PTPRC;GMFG;CD37;CD48"
"Carmustine-4 mg/kg in Corn Oil-Rat-Bone marrow-1d-dn","4/291",0.0409808845134946,0.364219896890231,0,0,3.21770854683337,10.2794511688165,"TYROBP;GMFG;FGL2;CD37"
"Itraconazole-30 mg/kg in Corn Oil-Rat-Liver-0.25d-dn","4/291",0.0409808845134946,0.364219896890231,0,0,3.21770854683337,10.2794511688165,"TYROBP;ADORA3;SLCO2B1;AIF1"
"Phenobarbital-25 mg/kg in Water-Rat-Liver-1d-dn","4/291",0.0409808845134946,0.364219896890231,0,0,3.21770854683337,10.2794511688165,"TYROBP;ADORA3;SLCO2B1;AIF1"
"Zopiclone-414 mg/kg in Water-Rat-Liver-5d-dn","4/291",0.0409808845134946,0.364219896890231,0,0,3.21770854683337,10.2794511688165,"TYROBP;ADORA3;SLCO2B1;AIF1"
"Allyl Alcohol-16 mg/kg in Saline-Rat-Liver-1d-up","4/292",0.0414136485906977,0.364219896890231,0,0,3.20637254901961,10.2095544030835,"TYROBP;ADORA3;SLCO2B1;AIF1"
"Angiotensin II Human-0.72 mg/kg in Saline-Rat-Heart-1d-up","4/292",0.0414136485906977,0.364219896890231,0,0,3.20637254901961,10.2095544030835,"TYROBP;FGL2;RAPGEF5;CTSS"
"Bacitracin-380 mg/kg in Corn Oil-Rat-Kidney-5d-up","4/292",0.0414136485906977,0.364219896890231,0,0,3.20637254901961,10.2095544030835,"TYROBP;GMFG;AIF1;CTSS"
"Irinotecan-5 mg/kg in Saline-Rat-Kidney-3d-up","4/292",0.0414136485906977,0.364219896890231,0,0,3.20637254901961,10.2095544030835,"SLC7A7;ADORA3;RAPGEF5;CTSS"
"Leflunomide-60 mg/kg in Corn Oil-Rat-Bone marrow-1d-dn","4/292",0.0414136485906977,0.364219896890231,0,0,3.20637254901961,10.2095544030835,"TYROBP;GMFG;ADORA3;FGL2"
"Methotrexate-0.3 mg/kg in Corn Oil-Rat-Spleen-1d-up","4/292",0.0414136485906977,0.364219896890231,0,0,3.20637254901961,10.2095544030835,"SLC7A7;ADORA3;SLCO2B1;FGL2"
"Pravastatin-1200 mg/kg in Corn Oil-Rat-Kidney-3d-up","4/292",0.0414136485906977,0.364219896890231,0,0,3.20637254901961,10.2095544030835,"SLC7A7;ADORA3;RAPGEF5;CTSS"
"Tranilast-1100 mg/kg in CMC-Rat-Liver-3d-dn","4/292",0.0414136485906977,0.364219896890231,0,0,3.20637254901961,10.2095544030835,"TYROBP;ADORA3;SLCO2B1;AIF1"
"Calcitriol-0.04 mg/kg in CMC-Rat-Heart-5d-up","4/293",0.0418490191662487,0.364219896890231,0,0,3.19511500101771,10.1402946840984,"TYROBP;GMFG;AIF1;CTSS"
"Catechol-40 mg/kg in Saline-Rat-Bone marrow-1d-up","4/293",0.0418490191662487,0.364219896890231,0,0,3.19511500101771,10.1402946840984,"SLC7A7;ADORA3;NKG7;CCR5"
"Clofibrate-130 mg/kg in Corn Oil-Rat-Kidney-1d-up","4/293",0.0418490191662487,0.364219896890231,0,0,3.19511500101771,10.1402946840984,"TYROBP;ADORA3;RAPGEF5;AIF1"
"Gentian Violet-18 mg/kg in Corn Oil-Rat-Liver-5d-up","4/293",0.0418490191662487,0.364219896890231,0,0,3.19511500101771,10.1402946840984,"TYROBP;GMFG;AIF1;CTSS"
"Leflunomide-60 mg/kg in Corn Oil-Rat-Bone marrow-5d-dn","4/293",0.0418490191662487,0.364219896890231,0,0,3.19511500101771,10.1402946840984,"SLC7A7;GMFG;ADORA3;CD37"
"Procarbazine-54 mg/kg in Water-Rat-Bone marrow-1d-dn","4/293",0.0418490191662487,0.364219896890231,0,0,3.19511500101771,10.1402946840984,"GMFG;ADORA3;CD37;CCR5"
"Betamethasone-79 mg/kg in Corn Oil-Rat-Bone marrow-5d-dn","4/294",0.0422869963244844,0.364219896890231,0,0,3.18393509127789,10.0716643635319,"GMFG;ADORA3;FGL2;CD37"
"Bisphenol A-100 mg/kg in Corn Oil-Rat-Spleen-1d-up","4/294",0.0422869963244844,0.364219896890231,0,0,3.18393509127789,10.0716643635319,"HCK;TYROBP;FGL2;AIF1"
"Carbamazepine-490 mg/kg in CMC-Rat-Liver-3d-dn","4/294",0.0422869963244844,0.364219896890231,0,0,3.18393509127789,10.0716643635319,"TYROBP;ADORA3;SLCO2B1;AIF1"
"Chlorpromazine-73 mg/kg in Water-Rat-Liver-1d-dn","4/294",0.0422869963244844,0.364219896890231,0,0,3.18393509127789,10.0716643635319,"TYROBP;ADORA3;SLCO2B1;AIF1"
"Dexamethasone-1 mg/kg in Corn Oil-Rat-Liver-1d-dn","4/294",0.0422869963244844,0.364219896890231,0,0,3.18393509127789,10.0716643635319,"TYROBP;ADORA3;SLCO2B1;AIF1"
"Hydroxyurea-400 mg/kg in Saline-Rat-Liver-5d-dn","4/294",0.0422869963244844,0.364219896890231,0,0,3.18393509127789,10.0716643635319,"TYROBP;ADORA3;AIF1;CTSS"
"Penicillamine-852 mg/kg in Water-Rat-Bone marrow-1d-up","4/294",0.0422869963244844,0.364219896890231,0,0,3.18393509127789,10.0716643635319,"HCK;TYROBP;NKG7;CD37"
"Altretamine-13 mg/kg in Corn Oil-Rat-Bone marrow-3d-dn","4/295",0.0427275800696756,0.364219896890231,0,0,3.1728320194057,10.0036559090084,"GMFG;ADORA3;NKG7;CD37"
"Chlorambucil-4.5 mg/kg in Corn Oil-Rat-Spleen-3d-up","4/295",0.0427275800696756,0.364219896890231,0,0,3.1728320194057,10.0036559090084,"VCAM1;SLCO2B1;FGL2;RAPGEF5"
"Clonidine-6 mg/kg in Water-Rat-Heart-1d-up","4/295",0.0427275800696756,0.364219896890231,0,0,3.1728320194057,10.0036559090084,"ADORA3;FGL2;RAPGEF5;CTSS"
"Cyclosporin A-70 mg/kg in Corn Oil-Rat-Bone marrow-0.25d-dn","4/295",0.0427275800696756,0.364219896890231,0,0,3.1728320194057,10.0036559090084,"GMFG;ADORA3;FGL2;LCP2"
"Enoxacin-750 mg/kg in Corn Oil-Rat-Liver-1d-dn","4/295",0.0427275800696756,0.364219896890231,0,0,3.1728320194057,10.0036559090084,"TYROBP;ADORA3;SLCO2B1;AIF1"
"Mefenamic Acid-93 mg/kg in Corn Oil-Rat-Kidney-3d-up","4/295",0.0427275800696756,0.364219896890231,0,0,3.1728320194057,10.0036559090084,"ADORA3;RAPGEF5;AIF1;CTSS"
"N-Nitrosodiethylamine-1.67 mg/kg in Saline-Rat-Bone marrow-1d-up","4/295",0.0427275800696756,0.364219896890231,0,0,3.1728320194057,10.0036559090084,"PTPRC;GMFG;ADORA3;FGL2"
"Oxyquinoline-68 mg/kg in Corn Oil-Rat-Liver-3d-up","4/295",0.0427275800696756,0.364219896890231,0,0,3.1728320194057,10.0036559090084,"TYROBP;ADORA3;RAPGEF5;AIF1"
"Promethazine-2.3 mg/kg in Saline-Rat-Liver-5d-dn","4/295",0.0427275800696756,0.364219896890231,0,0,3.1728320194057,10.0036559090084,"HCK;TYROBP;AIF1;CTSS"
"Vincristine-0.05 mg/kg in Saline-Rat-Bone marrow-1d-dn","4/295",0.0427275800696756,0.364219896890231,0,0,3.1728320194057,10.0036559090084,"HCK;TYROBP;CD37;AIF1"
"4-Nitrobenzoic Acid-1470 mg/kg in CMC-Rat-Kidney-3d-dn","4/296",0.0431707703346496,0.364219896890231,0,0,3.16180499597099,9.93626190136474,"TYROBP;SLC7A7;ADORA3;AIF1"
"Acarbose-2000 mg/kg in Water-Rat-Kidney-1d-up","4/296",0.0431707703346496,0.364219896890231,0,0,3.16180499597099,9.93626190136474,"TYROBP;SLC7A7;RAPGEF5;CTSS"
"Albendazole-62 mg/kg in Corn Oil-Rat-Liver-1d-up","4/296",0.0431707703346496,0.364219896890231,0,0,3.16180499597099,9.93626190136474,"TYROBP;ADORA3;AIF1;CTSS"
"Bisphenol A-610 mg/kg in Corn Oil-Rat-Spleen-1d-dn","4/296",0.0431707703346496,0.364219896890231,0,0,3.16180499597099,9.93626190136474,"GMFG;ADORA3;CD37;AIF1"
"Famciclovir-1200 mg/kg in Saline-Rat-Spleen-5d-up","4/296",0.0431707703346496,0.364219896890231,0,0,3.16180499597099,9.93626190136474,"TYROBP;ITGB2;CD37;CTSS"
"Fluocinolone Acetonide-2.5 mg/kg in Corn Oil-Rat-Heart-1d-dn","4/296",0.0431707703346496,0.364219896890231,0,0,3.16180499597099,9.93626190136474,"TYROBP;ADORA3;SLCO2B1;CD48"
"Lomustine-4.2 mg/kg in Corn Oil-Rat-Spleen-0.25d-dn","4/296",0.0431707703346496,0.364219896890231,0,0,3.16180499597099,9.93626190136474,"SLC7A7;VCAM1;ADORA3;CD48"
"N-Nitrosodiethylamine-34 mg/kg in Saline-Rat-Spleen-5d-up","4/296",0.0431707703346496,0.364219896890231,0,0,3.16180499597099,9.93626190136474,"TYROBP;GMFG;CD37;AIF1"
"Oxymetholone-1170 mg/kg in CMC-Rat-Liver-5d-up","4/296",0.0431707703346496,0.364219896890231,0,0,3.16180499597099,9.93626190136474,"TYROBP;SLCO2B1;AIF1;CTSS"
"Aspirin-375 mg/kg in Corn Oil-Rat-Liver-5d-dn","4/297",0.0436165669577265,0.364219896890231,0,0,3.15085324232082,9.86947503429278,"TYROBP;ADORA3;SLCO2B1;AIF1"
"Azathioprine-20 mg/kg in Corn Oil-Rat-Bone marrow-0.25d-dn","4/297",0.0436165669577265,0.364219896890231,0,0,3.15085324232082,9.86947503429278,"GMFG;ADORA3;FGL2;CD48"
"Cisplatin-1.17 mg/kg in Saline-Rat-Bone marrow-3d-dn","4/297",0.0436165669577265,0.364219896890231,0,0,3.15085324232082,9.86947503429278,"HCK;GMFG;NKG7;CD37"
"Danazol-2000 mg/kg in CMC-Rat-Liver-5d-dn","4/297",0.0436165669577265,0.364219896890231,0,0,3.15085324232082,9.86947503429278,"TYROBP;ADORA3;SLCO2B1;AIF1"
"Propylthiouracil-625 mg/kg in CMC-Rat-Liver-1d-dn","4/297",0.0436165669577265,0.364219896890231,0,0,3.15085324232082,9.86947503429278,"TYROBP;ADORA3;SLCO2B1;AIF1"
"Tegafur-175 mg/kg in Water-Rat-Bone marrow-5d-up","4/297",0.0436165669577265,0.364219896890231,0,0,3.15085324232082,9.86947503429278,"TYROBP;GMFG;ADORA3;AIF1"
"Trichloroethylene-1230 mg/kg in CMC-Rat-Kidney-1d-up","4/297",0.0436165669577265,0.364219896890231,0,0,3.15085324232082,9.86947503429278,"TYROBP;SLC7A7;ADORA3;AIF1"
"Alfacalcidol-0.043 mg/kg in CMC-Rat-Liver-3d-up","4/298",0.0440649697217935,0.364219896890231,0,0,3.13997599039616,9.8032881094605,"HCK;TYROBP;AIF1;CTSS"
"Azathioprine-20 mg/kg in Corn Oil-Rat-Bone marrow-3d-up","4/298",0.0440649697217935,0.364219896890231,0,0,3.13997599039616,9.8032881094605,"TYROBP;FGL2;NKG7;AIF1"
"Aztreonam-1100 mg/kg in CMC-Rat-Spleen-3d-dn","4/298",0.0440649697217935,0.364219896890231,0,0,3.13997599039616,9.8032881094605,"TYROBP;GMFG;CD37;AIF1"
"Beta-Estradiol 3-Benzoate-0.25 mg/kg in Corn Oil-Rat-Liver-0.25d-up","4/298",0.0440649697217935,0.364219896890231,0,0,3.13997599039616,9.8032881094605,"FLT1;TYROBP;AIF1;CTSS"
"Busulfan-3 mg/kg in Corn Oil-Rat-Bone marrow-0.25d-dn","4/298",0.0440649697217935,0.364219896890231,0,0,3.13997599039616,9.8032881094605,"HCK;GMFG;CD37;CD48"
"Catechol-195 mg/kg in Saline-Rat-Liver-5d-dn","4/298",0.0440649697217935,0.364219896890231,0,0,3.13997599039616,9.8032881094605,"TYROBP;ADORA3;SLCO2B1;AIF1"
"Lead (II) Acetate-600 mg/kg in Saline-Rat-Bone marrow-5d-up","4/298",0.0440649697217935,0.364219896890231,0,0,3.13997599039616,9.8032881094605,"HCK;TYROBP;GMFG;CD37"
"Melphalan-12 mg/kg in CMC-Rat-Bone marrow-1d-dn","4/298",0.0440649697217935,0.364219896890231,0,0,3.13997599039616,9.8032881094605,"HCK;FGL2;CD48;AIF1"
"Methotrexate-0.3 mg/kg in Corn Oil-Rat-Bone marrow-3d-dn","4/298",0.0440649697217935,0.364219896890231,0,0,3.13997599039616,9.8032881094605,"SLC7A7;ADORA3;FGL2;CD37"
"Tranexamic Acid-2000 mg/kg in CMC-Rat-Heart-5d-up","4/298",0.0440649697217935,0.364219896890231,0,0,3.13997599039616,9.8032881094605,"ADORA3;FGL2;CD48;RAPGEF5"
"Altretamine-40 mg/kg in Corn Oil-Rat-Bone marrow-5d-dn","4/299",0.0445159783110771,0.364219896890231,0,0,3.12917248255234,9.73769403769028,"TYROBP;GMFG;FGL2;CD37"
"Azauridine-1500 mg/kg in CMC-Rat-Bone marrow-5d-up","4/299",0.0445159783110771,0.364219896890231,0,0,3.12917248255234,9.73769403769028,"HCK;NKG7;CD37;CD48"
"Chlortetracycline-1500 mg/kg in CMC-Rat-Liver-3d-dn","4/299",0.0445159783110771,0.364219896890231,0,0,3.12917248255234,9.73769403769028,"TYROBP;ADORA3;SLCO2B1;AIF1"
"DActinomycin-0.06 mg/kg in Saline-Rat-Bone marrow-5d-dn","4/299",0.0445159783110771,0.364219896890231,0,0,3.12917248255234,9.73769403769028,"TYROBP;SLC7A7;CD37;CCR5"
"Finasteride-800 mg/kg in Corn Oil-Rat-Liver-3d-dn","4/299",0.0445159783110771,0.364219896890231,0,0,3.12917248255234,9.73769403769028,"TYROBP;SLCO2B1;AIF1;CTSS"
"Lead(IV) Acetate-600 mg/kg in Saline-Rat-Bone marrow-5d-dn","4/299",0.0445159783110771,0.364219896890231,0,0,3.12917248255234,9.73769403769028,"SLC7A7;VCAM1;NKG7;CCR5"
"Norethindrone-375 mg/kg in Corn Oil-Rat-Liver-1d-dn","4/299",0.0445159783110771,0.364219896890231,0,0,3.12917248255234,9.73769403769028,"TYROBP;ADORA3;SLCO2B1;AIF1"
"Sodium Arsenite-30 mg/kg in Saline-Rat-Liver-3d-dn","4/299",0.0445159783110771,0.364219896890231,0,0,3.12917248255234,9.73769403769028,"TYROBP;SLCO2B1;AIF1;CTSS"
"Clomiphene-250 mg/kg in CMC-Rat-Liver-5d-up","4/300",0.044969592344346,0.364219896890231,0,0,3.11844197138315,9.67268583462645,"TYROBP;SLCO2B1;AIF1;CTSS"
"Cyproterone Acetate-2500 mg/kg in CMC-Rat-Liver-1d-dn","4/300",0.044969592344346,0.364219896890231,0,0,3.11844197138315,9.67268583462645,"TYROBP;ADORA3;SLCO2B1;AIF1"
"Diethylstilbestrol-280 mg/kg in Corn Oil-Rat-Bone marrow-1d-dn","4/300",0.044969592344346,0.364219896890231,0,0,3.11844197138315,9.67268583462645,"GMFG;FGL2;CD37;LCP2"
"Harringtonine-23 mg/kg in Saline-Rat-Bone marrow-5d-up","4/300",0.044969592344346,0.364219896890231,0,0,3.11844197138315,9.67268583462645,"ADORA3;FGL2;CD48;LCP2"
"Roflumilast-17 mg/kg in CMC-Rat-Liver-1d-up","4/300",0.044969592344346,0.364219896890231,0,0,3.11844197138315,9.67268583462645,"TYROBP;SLCO2B1;AIF1;CTSS"
"Bisphenol A-100 mg/kg in Corn Oil-Rat-Bone marrow-1d-up","4/301",0.045425811362905,0.364219896890231,0,0,3.10778371954843,9.60825661972651,"SLC7A7;ADORA3;NKG7;AIF1"
"Bisphenol A-610 mg/kg in Corn Oil-Rat-Liver-0.25d-dn","4/301",0.045425811362905,0.364219896890231,0,0,3.10778371954843,9.60825661972651,"TYROBP;SLC7A7;ADORA3;SLCO2B1"
"Cytarabine-23 mg/kg in Saline-Rat-Spleen-3d-dn","4/301",0.045425811362905,0.364219896890231,0,0,3.10778371954843,9.60825661972651,"TYROBP;GMFG;CD37;AIF1"
"Fludrocortisone Acetate-125 mg/kg in CMC-Rat-Kidney-3d-dn","4/301",0.045425811362905,0.364219896890231,0,0,3.10778371954843,9.60825661972651,"TYROBP;ADORA3;AIF1;CTSS"
"Itraconazole-1093 mg/kg in Corn Oil-Rat-Liver-1d-dn","4/301",0.045425811362905,0.364219896890231,0,0,3.10778371954843,9.60825661972651,"TYROBP;ADORA3;SLCO2B1;AIF1"
"Leucovorin-1500 mg/kg in CMC-Rat-Bone marrow-3d-dn","4/301",0.045425811362905,0.364219896890231,0,0,3.10778371954843,9.60825661972651,"SLC7A7;GMFG;ADORA3;NKG7"
"Mosapride-2000 mg/kg in CMC-Rat-Intestine-5d-dn","4/301",0.045425811362905,0.364219896890231,0,0,3.10778371954843,9.60825661972651,"TYROBP;GMFG;ADORA3;SLCO2B1"
"Nevirapine-29 mg/kg in Saline-Rat-Liver-5d-dn","4/301",0.045425811362905,0.364219896890231,0,0,3.10778371954843,9.60825661972651,"TYROBP;ADORA3;AIF1;CTSS"
"Pravastatin-1200 mg/kg in Corn Oil-Rat-Skeletal muscle-3d-dn","4/301",0.045425811362905,0.364219896890231,0,0,3.10778371954843,9.60825661972651,"ADORA3;SLCO2B1;CD48;CCR5"
"Sodium Arsenite-10 mg/kg in Saline-Rat-Bone marrow-0.25d-up","4/301",0.045425811362905,0.364219896890231,0,0,3.10778371954843,9.60825661972651,"TYROBP;GMFG;ADORA3;CD37"
"Thioguanine-12 mg/kg in Corn Oil-Rat-Spleen-1d-up","4/301",0.045425811362905,0.364219896890231,0,0,3.10778371954843,9.60825661972651,"VCAM1;SLCO2B1;FGL2;CCR5"
"1-Naphthyl Isothiocyanate-30 mg/kg in Corn Oil-Rat-Bone marrow-0.25d-dn","4/302",0.0458846348209018,0.364219896890231,0,0,3.09719699960521,9.54439961506627,"GMFG;ADORA3;FGL2;NKG7"
"Anastrozole-400 mg/kg in CMC-Rat-Liver-1d-dn","4/302",0.0458846348209018,0.364219896890231,0,0,3.09719699960521,9.54439961506627,"TYROBP;GMFG;SLCO2B1;AIF1"
"Atorvastatin-2.5 mg/kg in Corn Oil-Rat-Liver-5d-dn","4/302",0.0458846348209018,0.364219896890231,0,0,3.09719699960521,9.54439961506627,"TYROBP;ADORA3;SLCO2B1;AIF1"
"Betamethasone-79 mg/kg in Corn Oil-Rat-Bone marrow-3d-dn","4/302",0.0458846348209018,0.364219896890231,0,0,3.09719699960521,9.54439961506627,"HCK;GMFG;NKG7;CD37"
"Bezafibrate-617 mg/kg in Corn Oil-Rat-Liver-1d-dn","4/302",0.0458846348209018,0.364219896890231,0,0,3.09719699960521,9.54439961506627,"TYROBP;SLCO2B1;AIF1;CTSS"
"Bromhexine-1200 mg/kg in CMC-Rat-Liver-3d-dn","4/302",0.0458846348209018,0.364219896890231,0,0,3.09719699960521,9.54439961506627,"TYROBP;SLCO2B1;AIF1;CTSS"
"Carmustine-16 mg/kg in Corn Oil-Rat-Bone marrow-1d-dn","4/302",0.0458846348209018,0.364219896890231,0,0,3.09719699960521,9.54439961506627,"TYROBP;GMFG;FGL2;CD37"
"Carmustine-4 mg/kg in Corn Oil-Rat-Bone marrow-3d-up","4/302",0.0458846348209018,0.364219896890231,0,0,3.09719699960521,9.54439961506627,"SLC7A7;VCAM1;ADORA3;CCR5"
"Lead(IV) Acetate-200 mg/kg in Saline-Rat-Bone marrow-0.25d-up","4/302",0.0458846348209018,0.364219896890231,0,0,3.09719699960521,9.54439961506627,"GMFG;ADORA3;CD37;CD48"
"Lead (II) Acetate-600 mg/kg in Saline-Rat-Bone marrow-5d-dn","4/302",0.0458846348209018,0.364219896890231,0,0,3.09719699960521,9.54439961506627,"SLC7A7;VCAM1;NKG7;CCR5"
"Melphalan-12 mg/kg in CMC-Rat-Bone marrow-1d-up","4/302",0.0458846348209018,0.364219896890231,0,0,3.09719699960521,9.54439961506627,"TYROBP;ADORA3;NKG7;CD37"
"Norepinephrine-1.75 mg/kg in Saline-Rat-Heart-5d-up","4/302",0.0458846348209018,0.364219896890231,0,0,3.09719699960521,9.54439961506627,"TYROBP;ADORA3;AIF1;CTSS"
"Rosiglitazone-1800 mg/kg in Corn Oil-Rat-Liver-1d-dn","4/302",0.0458846348209018,0.364219896890231,0,0,3.09719699960521,9.54439961506627,"TYROBP;SLCO2B1;AIF1;CTSS"
"Rosiglitazone-1800 mg/kg in Corn Oil-Rat-Liver-5d-dn","4/302",0.0458846348209018,0.364219896890231,0,0,3.09719699960521,9.54439961506627,"TYROBP;ADORA3;SLCO2B1;AIF1"
"Acyclovir-980 mg/kg in Saline-Rat-Spleen-3d-dn","4/303",0.0463460621112652,0.364219896890231,0,0,3.08668109384222,9.4811081417576,"GMFG;ADORA3;CD37;AIF1"
"Clomipramine-115 mg/kg in Water-Rat-Liver-5d-up","4/303",0.0463460621112652,0.364219896890231,0,0,3.08668109384222,9.4811081417576,"TYROBP;GMFG;SLCO2B1;AIF1"
"Diethylstilbestrol-2.8 mg/kg in Corn Oil-Rat-Kidney-0.25d-up","4/303",0.0463460621112652,0.364219896890231,0,0,3.08668109384222,9.4811081417576,"SLC7A7;ADORA3;AIF1;CTSS"
"Diethylstilbestrol-2.8 mg/kg in Corn Oil-Rat-Liver-1d-dn","4/303",0.0463460621112652,0.364219896890231,0,0,3.08668109384222,9.4811081417576,"TYROBP;ADORA3;AIF1;CTSS"
"Promethazine-113 mg/kg in Saline-Rat-Liver-3d-dn","4/303",0.0463460621112652,0.364219896890231,0,0,3.08668109384222,9.4811081417576,"TYROBP;ADORA3;AIF1;CTSS"
"Bacitracin-380 mg/kg in Corn Oil-Rat-Kidney-3d-up","4/304",0.0468100925378431,0.364219896890231,0,0,3.07623529411765,9.41837562007879,"TYROBP;GMFG;AIF1;CTSS"
"Beta-Naphthoflavone-1500 mg/kg in CMC-Rat-Liver-5d-up","4/304",0.0468100925378431,0.364219896890231,0,0,3.07623529411765,9.41837562007879,"TYROBP;SLCO2B1;AIF1;CTSS"
"Carmustine-16 mg/kg in Corn Oil-Rat-Bone marrow-3d-dn","4/304",0.0468100925378431,0.364219896890231,0,0,3.07623529411765,9.41837562007879,"HCK;TYROBP;GMFG;CD37"
"Carmustine-16 mg/kg in Corn Oil-Rat-Spleen-3d-dn","4/304",0.0468100925378431,0.364219896890231,0,0,3.07623529411765,9.41837562007879,"SLC7A7;CD37;CD48;CTSS"
"Dobutamine-43 mg/kg in Saline-Rat-Heart-5d-up","4/304",0.0468100925378431,0.364219896890231,0,0,3.07623529411765,9.41837562007879,"TYROBP;ADORA3;FGL2;CTSS"
"Etoposide-100 mg/kg in Corn Oil-Rat-Spleen-1d-dn","4/304",0.0468100925378431,0.364219896890231,0,0,3.07623529411765,9.41837562007879,"GMFG;ADORA3;CD37;CD48"
"Fluphenazine-22 mg/kg in Corn Oil-Rat-Liver-5d-dn","4/304",0.0468100925378431,0.364219896890231,0,0,3.07623529411765,9.41837562007879,"TYROBP;GMFG;ADORA3;CTSS"
"Ifosfamide-143 mg/kg in Saline-Rat-Liver-3d-dn","4/304",0.0468100925378431,0.364219896890231,0,0,3.07623529411765,9.41837562007879,"TYROBP;ADORA3;AIF1;CTSS"
"Isoprenaline-4.2 mg/kg in Saline-Rat-Heart-5d-up","4/304",0.0468100925378431,0.364219896890231,0,0,3.07623529411765,9.41837562007879,"TYROBP;ADORA3;AIF1;CTSS"
"Mifepristone-3 mg/kg in Corn Oil-Rat-Liver-0.25d-up","4/304",0.0468100925378431,0.364219896890231,0,0,3.07623529411765,9.41837562007879,"TYROBP;SLCO2B1;AIF1;CTSS"
"N-Nitrosodiethylamine-1.67 mg/kg in Saline-Rat-Bone marrow-0.25d-up","4/304",0.0468100925378431,0.364219896890231,0,0,3.07623529411765,9.41837562007879,"TYROBP;VCAM1;NKG7;CD37"
"Allopurinol-175 mg/kg in Corn Oil-Rat-Kidney-5d-up","4/305",0.0472767253344325,0.364219896890231,0,0,3.06585890170021,9.3561955664514,"HCK;TYROBP;ADORA3;AIF1"
"Altretamine-13 mg/kg in Corn Oil-Rat-Bone marrow-3d-up","4/305",0.0472767253344325,0.364219896890231,0,0,3.06585890170021,9.3561955664514,"HCK;TYROBP;SLC7A7;CTSS"
"Bithionol-333 mg/kg in Corn Oil-Rat-Kidney-3d-up","4/305",0.0472767253344325,0.364219896890231,0,0,3.06585890170021,9.3561955664514,"TYROBP;EMCN;CCR5;RAPGEF5"
"Cyclosporin A-70 mg/kg in Corn Oil-Rat-Bone marrow-0.25d-up","4/305",0.0472767253344325,0.364219896890231,0,0,3.06585890170021,9.3561955664514,"HCK;TYROBP;NKG7;AIF1"
"Diclofenac-10 mg/kg in Corn Oil-Rat-Liver-5d-up","4/305",0.0472767253344325,0.364219896890231,0,0,3.06585890170021,9.3561955664514,"HCK;TYROBP;AIF1;CTSS"
"Famciclovir-112 mg/kg in Saline-Rat-Bone marrow-3d-dn","4/305",0.0472767253344325,0.364219896890231,0,0,3.06585890170021,9.3561955664514,"HCK;NKG7;CD48;AIF1"
"Gabapentin-100 mg/kg in Water-Rat-Heart-3d-up","4/305",0.0472767253344325,0.364219896890231,0,0,3.06585890170021,9.3561955664514,"ADORA3;SLCO2B1;FGL2;RAPGEF5"
"Gallamine Triethiodide-2.5 mg/kg in Saline-Rat-Heart-5d-up","4/305",0.0472767253344325,0.364219896890231,0,0,3.06585890170021,9.3561955664514,"TYROBP;ADORA3;FGL2;CTSS"
"Hydrocortisone-56 mg/kg in Corn Oil-Rat-Bone marrow-5d-dn","4/305",0.0472767253344325,0.364219896890231,0,0,3.06585890170021,9.3561955664514,"TYROBP;GMFG;FGL2;CD37"
"Indomethacin-9.6 mg/kg in Water-Rat-Liver-5d-up","4/305",0.0472767253344325,0.364219896890231,0,0,3.06585890170021,9.3561955664514,"HCK;TYROBP;AIF1;CTSS"
"Interleukin 1 Beta-0.01 mg/kg in RSA/Saline-Rat-Liver-1d-up","4/305",0.0472767253344325,0.364219896890231,0,0,3.06585890170021,9.3561955664514,"TYROBP;GMFG;ADORA3;AIF1"
"Leflunomide-30 mg/kg in Corn Oil-Rat-Bone marrow-0.25d-dn","4/305",0.0472767253344325,0.364219896890231,0,0,3.06585890170021,9.3561955664514,"GMFG;ADORA3;FGL2;AIF1"
"Levosulpiride-1200 mg/kg in CMC-Rat-Heart-3d-dn","4/305",0.0472767253344325,0.364219896890231,0,0,3.06585890170021,9.3561955664514,"TYROBP;ADORA3;FGL2;CD48"
"Lomustine-8.75 mg/kg in Corn Oil-Rat-Bone marrow-3d-up","4/305",0.0472767253344325,0.364219896890231,0,0,3.06585890170021,9.3561955664514,"SLC7A7;VCAM1;CCR5;CTSS"
"Methyl Methanesulfonate-113 mg/kg in Water-Rat-Bone marrow-5d-up","4/305",0.0472767253344325,0.364219896890231,0,0,3.06585890170021,9.3561955664514,"TYROBP;ADORA3;FGL2;CD37"
"Pyrazinamide-1500 mg/kg in CMC-Rat-Liver-3d-dn","4/305",0.0472767253344325,0.364219896890231,0,0,3.06585890170021,9.3561955664514,"TYROBP;ADORA3;AIF1;CTSS"
"Terbinafine-2000 mg/kg in CMC-Rat-Liver-5d-dn","4/305",0.0472767253344325,0.364219896890231,0,0,3.06585890170021,9.3561955664514,"TYROBP;GMFG;ADORA3;AIF1"
"Vincristine-0.05 mg/kg in Saline-Rat-Bone marrow-1d-up","4/305",0.0472767253344325,0.364219896890231,0,0,3.06585890170021,9.3561955664514,"GMFG;ADORA3;FGL2;LCP2"
"2378-Tetrachlorodibenzo-P-Dioxin-0.02 mg/kg in CMC-Rat-Liver-3d-up","4/306",0.0477459596538677,0.364219896890231,0,0,3.05555122711336,9.29456159246877,"TYROBP;SLCO2B1;AIF1;CTSS"
"Atorvastatin-300 mg/kg in Corn Oil-Rat-Kidney-1d-up","4/306",0.0477459596538677,0.364219896890231,0,0,3.05555122711336,9.29456159246877,"TYROBP;ADORA3;RAPGEF5;AIF1"
"Azathioprine-20 mg/kg in Corn Oil-Rat-Spleen-3d-dn","4/306",0.0477459596538677,0.364219896890231,0,0,3.05555122711336,9.29456159246877,"TYROBP;SLC7A7;CD48;CTSS"
"Beta-Estradiol-0.3 mg/kg in Corn Oil-Rat-Liver-5d-dn","4/306",0.0477459596538677,0.364219896890231,0,0,3.05555122711336,9.29456159246877,"TYROBP;GMFG;ADORA3;SLCO2B1"
"Bithionol-59 mg/kg in Corn Oil-Rat-Bone marrow-1d-dn","4/306",0.0477459596538677,0.364219896890231,0,0,3.05555122711336,9.29456159246877,"TYROBP;GMFG;FGL2;CD37"
"Coumarin-111 mg/kg in Corn Oil-Rat-Bone marrow-3d-up","4/306",0.0477459596538677,0.364219896890231,0,0,3.05555122711336,9.29456159246877,"TYROBP;GMFG;NKG7;CTSS"
"Ethinylestradiol-1480 mg/kg in Corn Oil-Rat-Liver-1d-dn","4/306",0.0477459596538677,0.364219896890231,0,0,3.05555122711336,9.29456159246877,"TYROBP;SLCO2B1;AIF1;CTSS"
"Bacitracin-380 mg/kg in Corn Oil-Rat-Kidney-1d-up","4/307",0.0482177945912834,0.364219896890231,0,0,3.04531158998253,9.23346740174422,"ADORA3;FGL2;RAPGEF5;AIF1"
"Catechol-40 mg/kg in Saline-Rat-Bone marrow-1d-dn","4/307",0.0482177945912834,0.364219896890231,0,0,3.04531158998253,9.23346740174422,"TYROBP;GMFG;CD37;CD48"
"Foscarnet-350 mg/kg in Saline-Rat-Bone marrow-5d-dn","4/307",0.0482177945912834,0.364219896890231,0,0,3.04531158998253,9.23346740174422,"SLC7A7;VCAM1;FGL2;CCR5"
"Hydroxyurea-59 mg/kg in Saline-Rat-Spleen-3d-dn","4/307",0.0482177945912834,0.364219896890231,0,0,3.04531158998253,9.23346740174422,"TYROBP;GMFG;CD37;AIF1"
"Loxoprofen-18 mg/kg in Corn Oil-Rat-Kidney-1d-up","4/307",0.0482177945912834,0.364219896890231,0,0,3.04531158998253,9.23346740174422,"SLC7A7;ADORA3;RAPGEF5;AIF1"
"Primidone-750 mg/kg in CMC-Rat-Liver-3d-dn","4/307",0.0482177945912834,0.364219896890231,0,0,3.04531158998253,9.23346740174422,"TYROBP;SLCO2B1;AIF1;CTSS"
"Thioacetamide-200 mg/kg in Saline-Rat-Liver-1d-up","4/307",0.0482177945912834,0.364219896890231,0,0,3.04531158998253,9.23346740174422,"HCK;TYROBP;ADORA3;CTSS"
"Tobramycin-40 mg/kg in Saline-Rat-Kidney-14d-up","4/307",0.0482177945912834,0.364219896890231,0,0,3.04531158998253,9.23346740174422,"TYROBP;CD48;AIF1;CTSS"
"Azauridine-1500 mg/kg in CMC-Rat-Bone marrow-1d-dn","4/308",0.0486922291421161,0.364219896890231,0,0,3.03513931888545,9.17290679097706,"SLC7A7;GMFG;ADORA3;AIF1"
"Doxorubicin-0.65 mg/kg in Saline-Rat-Liver-0.25d-dn","4/308",0.0486922291421161,0.364219896890231,0,0,3.03513931888545,9.17290679097706,"TYROBP;ADORA3;AIF1;CTSS"
"Ethanol-3000 mg/kg in Saline-Rat-Bone marrow-1d-up","4/308",0.0486922291421161,0.364219896890231,0,0,3.03513931888545,9.17290679097706,"HCK;TYROBP;ADORA3;CD48"
"Ethisterone-1500 mg/kg in CMC-Rat-Liver-5d-up","4/308",0.0486922291421161,0.364219896890231,0,0,3.03513931888545,9.17290679097706,"TYROBP;SLCO2B1;AIF1;CTSS"
"Genistein-375 mg/kg in Corn Oil-Rat-Liver-0.25d-up","4/308",0.0486922291421161,0.364219896890231,0,0,3.03513931888545,9.17290679097706,"TYROBP;SLCO2B1;AIF1;CTSS"
"Lomustine-8.75 mg/kg in Corn Oil-Rat-Bone marrow-1d-up","4/308",0.0486922291421161,0.364219896890231,0,0,3.03513931888545,9.17290679097706,"HCK;TYROBP;NKG7;AIF1"
"Safrole-488 mg/kg in Corn Oil-Rat-Liver-3d-dn","4/308",0.0486922291421161,0.364219896890231,0,0,3.03513931888545,9.17290679097706,"TYROBP;ADORA3;SLCO2B1;AIF1"
"Pentamidine-18 mg/kg in Saline-Rat-Bone marrow-3d-up","3/184",0.0489654796168045,0.364219896890231,0,0,3.80251830913529,11.4708277930805,"TYROBP;GMFG;FGL2"
"Amikacin-82 mg/kg in Saline-Rat-Bone marrow-1d-up","4/309",0.049169262246556,0.364219896890231,0,0,3.0250337512054,9.11287364552452,"TYROBP;GMFG;ADORA3;CTSS"
"Beta-Estradiol 3-Benzoate-25 mg/kg in Corn Oil-Rat-Liver-5d-dn","4/309",0.049169262246556,0.364219896890231,0,0,3.0250337512054,9.11287364552452,"TYROBP;ADORA3;SLCO2B1;AIF1"
"Cholecalciferol-8 mg/kg in CMC-Rat-Liver-5d-up","4/309",0.049169262246556,0.364219896890231,0,0,3.0250337512054,9.11287364552452,"TYROBP;GMFG;SLCO2B1;AIF1"
"Clonazepam-2500 mg/kg in CMC-Rat-Liver-5d-dn","4/309",0.049169262246556,0.364219896890231,0,0,3.0250337512054,9.11287364552452,"TYROBP;ADORA3;SLCO2B1;AIF1"
"Clopidogrel-400 mg/kg in Corn Oil-Rat-Bone marrow-0.25d-dn","4/309",0.049169262246556,0.364219896890231,0,0,3.0250337512054,9.11287364552452,"HCK;NKG7;CD37;CD48"
"Clopidogrel-400 mg/kg in Corn Oil-Rat-Bone marrow-3d-up","4/309",0.049169262246556,0.364219896890231,0,0,3.0250337512054,9.11287364552452,"TYROBP;GMFG;FGL2;CD48"
"Epinephrine-0.0375 mg/kg in Saline-Rat-Heart-5d-dn","4/309",0.049169262246556,0.364219896890231,0,0,3.0250337512054,9.11287364552452,"TYROBP;SLCO2B1;CD48;RAPGEF5"
"Famciclovir-112 mg/kg in Saline-Rat-Bone marrow-1d-up","4/309",0.049169262246556,0.364219896890231,0,0,3.0250337512054,9.11287364552452,"TYROBP;FGL2;CD48;LCP2"
"Gentamicin-40 mg/kg in Saline-Rat-Kidney-14d-up","4/309",0.049169262246556,0.364219896890231,0,0,3.0250337512054,9.11287364552452,"TYROBP;FGL2;AIF1;CTSS"
"Iproniazid-46 mg/kg in Water-Rat-Heart-3d-up","4/309",0.049169262246556,0.364219896890231,0,0,3.0250337512054,9.11287364552452,"TYROBP;ADORA3;SLCO2B1;FGL2"
"Sildenafil-14.6 mg/kg in Saline-Rat-Liver-3d-dn","4/309",0.049169262246556,0.364219896890231,0,0,3.0250337512054,9.11287364552452,"TYROBP;GMFG;AIF1;CTSS"
"Simvastatin-15 mg/kg in Corn Oil-Rat-Liver-5d-dn","4/309",0.049169262246556,0.364219896890231,0,0,3.0250337512054,9.11287364552452,"TYROBP;GMFG;ADORA3;SLCO2B1"
"Acyclovir-980 mg/kg in Saline-Rat-Liver-5d-dn","4/310",0.0496488927583652,0.364219896890231,0,0,3.01499423298731,9.05336193981619,"TYROBP;ADORA3;SLCO2B1;AIF1"
"Bromhexine-1200 mg/kg in CMC-Rat-Liver-5d-dn","4/310",0.0496488927583652,0.364219896890231,0,0,3.01499423298731,9.05336193981619,"TYROBP;ADORA3;AIF1;CTSS"
"Carbon Tetrachloride-3178 mg/kg in Saline-Rat-Liver-5d-up","4/310",0.0496488927583652,0.364219896890231,0,0,3.01499423298731,9.05336193981619,"TYROBP;ADORA3;AIF1;CTSS"
"Catechol-195 mg/kg in Saline-Rat-Liver-0.25d-dn","4/310",0.0496488927583652,0.364219896890231,0,0,3.01499423298731,9.05336193981619,"TYROBP;ADORA3;AIF1;CTSS"
"Dexamethasone-1 mg/kg in Corn Oil-Rat-Liver-3d-dn","4/310",0.0496488927583652,0.364219896890231,0,0,3.01499423298731,9.05336193981619,"TYROBP;ADORA3;SLCO2B1;AIF1"
"Diazepam-710 mg/kg in CMC-Rat-Liver-1d-dn","4/310",0.0496488927583652,0.364219896890231,0,0,3.01499423298731,9.05336193981619,"TYROBP;ADORA3;SLCO2B1;AIF1"
"Diclofenac-10 mg/kg in Corn Oil-Rat-Kidney-1d-up","4/310",0.0496488927583652,0.364219896890231,0,0,3.01499423298731,9.05336193981619,"TYROBP;ADORA3;RAPGEF5;AIF1"
"Fenofibrate-43 mg/kg in Corn Oil-Rat-Kidney-0.25d-up","4/310",0.0496488927583652,0.364219896890231,0,0,3.01499423298731,9.05336193981619,"SLC7A7;ADORA3;RAPGEF5;AIF1"
"Mestranol-250 mg/kg in CMC-Rat-Liver-1d-dn","4/310",0.0496488927583652,0.364219896890231,0,0,3.01499423298731,9.05336193981619,"TYROBP;ADORA3;SLCO2B1;AIF1"
"Pergolide-1.1 mg/kg in CMC-Rat-Liver-1d-dn","4/310",0.0496488927583652,0.364219896890231,0,0,3.01499423298731,9.05336193981619,"TYROBP;GMFG;ADORA3;AIF1"
"Phenothiazine-386 mg/kg in Corn Oil-Rat-Liver-5d-dn","4/310",0.0496488927583652,0.364219896890231,0,0,3.01499423298731,9.05336193981619,"TYROBP;GMFG;ADORA3;SLCO2B1"
